967
738 8757 3915 1916 4342 2105 7570 4250 4453 8035 7016 1846 1022 2280 9662 4900 7656 3436 8377 6716 7313 6670 2508 9061 4871 9040 5322 5695 5717 8439 3971 1441 5678 6636 7286 3295 8528 2007 4253 3761 9460 3563 3152 8187 75 669 8648 8215 4418 4999 6030 4411 6467 1491 913 3090 1643 3314 37 6607 9075 6069 3491 5446 4622 2416 9338 9727 203 6473 5270 5620 8030 44 6404 9154 3364 5648 1975 1484 1568 8773 9317 9011 9633 8128 2285 4607 5740 1867 9407 9051 3217 7694 8331 4291 7110 6727 7793 8642 1250 789 5144 8973 4984 5845 9580 9289 5729 9511 1413 429 8778 1569 6139 686 9487 705 1832 205 4929 5451 3720 355 1364 7490 1857 4230 9482 8354 9790 814 4604 6228 6759 6133 8508 970 7745 2009 6432 2410 7895 6529 4515 2498 6659 4307 2103 2625 584 1387 9140 2154 7362 3577 6973 4361 518 6248 5368 6047 9949 3377 103 6302 8293 339 2925 6502 8618 8637 8041 8918 4317 7828 8440 3726 7365 7993 5700 5760 3993 2612 1095 5796 8058 4748 6777 5787 3612 1615 8139 3588 9426 4041 8308 1123 1708 6066 9934 530 3737 3060 9004 927 7216 7717 8173 3155 6813 6316 6861 9730 9971 6494 8411 3102 2131 869 6605 7771 3789 5176 409 4439 5946 9868 7100 6928 466 7020 829 9047 9887 3523 239 6243 7004 5974 2745 8970 4841 8702 9449 1926 4437 3195 9156 6573 9429 4299 1707 861 6290 3869 7313 9434 4933 6034 8031 4460 2070 5225 3243 3564 6453 6020 2404 8520 3302 7177 3789 9054 9187 9470 7337 8505 7031 3424 9196 8343 3955 9452 6031 6057 4578 1082 3270 5499 9280 8614 6647 6256 7249 2112 275 3494 5184 2217 1442 2081 7027 8190 8716 5276 3198 2192 6739 6350 1025 1937 3899 9349 9287 9150 4839 5502 8008 8707 2072 751 2568 7054 6120 5172 2214 9278 7149 2811 6399 1399 697 8510 9997 4686 5489 1807 5136 2745 2340 8060 9515 8175 4713 2148 986 8569 2339 4241 407 9647 8118 6351 412 4941 2504 910 51 6008 2689 8959 7085 6468 8809 1920 6667 2175 4974 2855 7008 7078 5341 917 8827 2761 2126 371 2169 7536 9742 678 221 8231 3990 7174 2691 8282 4158 4372 6007 6466 1611 7745 2340 1892 2123 5053 8012 3108 3858 3120 2830 3934 5030 62 5979 6949 6788 9038 350 1227 4464 8141 4151 5526 4738 8765 6692 7793 6809 7233 1835 4559 8117 502 7568 8180 6807 7815 6860 5973 1547 8680 3881 3019 364 7522 8588 9568 7793 5059 4056 2907 2447 3504 8200 7846 6296 538 5594 9432 3881 862 2886 3520 991 611 1733 9561 9233 5614 6508 4198 8926 7933 8369 8985 2294 9466 159 277 4783 5125 6649 8260 2145 6770 4674 9715 2809 774 4770 7362 5743 7533 9085 2899 8702 4337 6832 5344 5216 4505 4359 5544 5569 5804 583 8853 862 6505 2584 4093 7136 6093 3038 5953 345 7763 8885 6977 6211 8150 7603 4846 2374 3315 9002 9767 9279 1892 8327 4072 3549 2793 9647 6243 2854 9993 1631 7634 6575 9134 933 8771 8227 4148 995 4853 3422 2139 1447 1360 8237 2941 7989 2368 7033 3273 2780 9041 7475 9306 9095 5655 2739 9578 9880 8065 5792 3204 5284 120 8571 2649 5080 586 9556 4849 2862 9753 840 6535 3361 9167 6553 9113 2028 6354 315 5097 5663 9655 651 6497 3840 9644 4130 5857 1663 2309 5402 6960 9527 2348 7297 4122 6306 2435 7090 9321 1289 268 8373 7551 6283 3516 5855 1727 9498 6712 9281 7070 2333 3553 9018 848 3251 4002 7094 1716 5749 4912 1574 4974 2456 1052 8949 7216 217 902 2606 5365 6588 8311 7104 8138 2925 2502 8784 8081 8472 4885 4088 175 7194 5164 5358 1852 6426 7146 8828 1416 7704 753 2643 7017 2444 6957 6907 8767 7479 9976 3661 860 3854 197 988 1082 7701 6555 5821 3766 6473 8582 4215 8931 8807 5713 3863 7981 1258 5268 1658 7782 2714 5025 8687 9274 3551 364 1111 9631 4657 1819 3513 1212 7942 7931 5262 3410 3176 3941 8650 7942 1646 4869 8415 242 8151 223 187 5788 9696 6075 5465 1803 1494 3137 7953 4504 4202 2458 498 3696 6747 6786 4203 8311 7527 8183 9016 6944 2041 8921 405 9410 1028 3356 6413 1136 1697 8876 8315 7617 1321 4155 9380 7736 8583 7354 9341 7686 2113 6623 1597 8663 6250 4553 8311 2695 9195 9849 1225 8110 2634 1860 4052 8238 3410 520 9960 2771 6273 4461 5450 4533 6694 5850 2045 734 8275 947 8293 5101 5380 4042 5327 2465 4781 6520 668 183 184 4662 732 2087 608 4242 484 530 5088 9724 4452 7693 9000 8320 8383 3283 8625 7536 8009 9064 1346 2658 2596 2940 6169 3793 5681 908 3153 4096 5725 1000 7637 3510 838 9559 4454 4474 294 4071 1369 5223 4034 5171 3157 5581 3476 9553 6292 2538 4847 8700 2061 5876 6259 4 3314 1199 3561 3137 5696 7690 7416 642 1601 7826 4515 7056 5280 6490 9622 5083 5278 2938 4776 7180 4908 8805 8578 8201 372 1323 9606 4687 5281 7890 8412 2254 9568 2419 3856 9299 5495 3038 2022 6385 446 7208 3583 187 8559 1903 6270 1929 9572 5257 2685 2882 9360 2826 6479 919 9343 9180 1971 7362 7014 2626 1022 4762 310 1702 3838 5822 4106 1638 6163 3254 4133 996 2170 5775 2524 9708 6433 4350 3961 2992 4107 4962 9267 9920 4453 2247 8856 8066 5948 9011 2503 2229 2416 7896 5767 4703 8173 6159 4131 9552 5235 2104 253 5020 7248 4285 2339 4101 3854 5209 1344 8116 3414 1157 978
913 861 8502
955 777 1430
135 694 4428
285 270 7264
702 285 9980
850 285 3022
324 569 8816
830 782 2906
791 598 1027
253 400 6687
152 16 6956
852 68 7988
814 228 9188
152 497 4209
431 285 8618
828 616 9087
254 285 1945
285 864 7885
853 231 9953
207 427 7545
285 74 5873
243 629 6145
285 207 5097
686 285 4398
285 213 5121
308 285 5539
330 508 3033
285 680 3308
285 740 615
648 285 9910
339 285 4759
568 878 1283
948 285 7676
803 285 8546
285 430 6180
329 285 2782
824 435 9677
162 417 9577
285 921 2992
572 10 5842
285 566 1290
170 285 7100
533 492 8688
884 288 9118
179 155 7396
285 282 4551
285 772 2767
963 909 286
285 283 2740
910 511 7978
404 285 759
285 377 1006
554 369 1925
601 285 5093
285 939 7070
236 552 3464
248 75 4852
169 55 1252
871 285 614
763 285 9729
285 786 8163
285 665 962
300 751 2294
684 285 8318
542 285 1396
673 949 6782
285 553 2180
592 792 6161
285 892 2581
523 285 3735
285 217 8860
447 478 1982
374 116 9402
621 828 6499
375 932 1747
406 285 3135
788 296 4667
78 285 5236
285 196 8525
41 574 684
285 709 7680
285 61 2305
180 908 5170
9 285 5315
285 452 6346
285 38 7644
139 285 8986
531 195 5533
285 668 2819
285 398 5866
955 189 1451
96 450 4227
240 257 1922
928 285 5526
167 459 4704
576 285 6870
285 261 8795
35 285 1911
582 285 9368
651 71 2826
855 285 6585
785 2 9065
713 624 9716
248 285 8559
595 285 1793
46 285 8734
230 290 645
285 367 3271
231 813 2228
409 351 4956
111 739 7252
657 285 9200
908 840 8586
608 779 4309
734 285 561
108 285 9482
931 285 597
285 467 798
285 439 2100
917 765 4537
236 285 9650
700 285 6904
532 285 2885
297 596 9816
285 472 942
698 524 9361
893 278 9922
116 813 3637
724 285 586
895 592 5769
960 285 3932
764 295 4957
685 285 4281
151 171 4894
285 291 9964
285 258 2946
51 742 5309
487 55 3905
541 558 7117
775 236 3978
312 285 1843
425 285 6379
807 942 6087
640 708 4995
174 915 105
876 107 2081
285 842 9248
285 585 7130
694 206 4456
540 285 1660
285 394 4597
849 182 9608
513 285 7782
786 67 8330
285 349 3409
609 285 4377
850 70 3413
218 708 1965
873 285 8139
285 938 6861
285 538 2560
423 285 2941
285 313 5093
210 285 8303
102 713 2315
92 285 5500
214 624 4063
69 285 3280
393 363 3481
750 789 4611
199 816 8329
805 285 2006
872 818 4719
853 920 9245
564 56 1151
240 285 2649
110 338 3485
285 34 6872
720 528 9885
205 444 8079
285 815 5852
729 285 9883
688 253 1355
285 354 3348
381 835 45
598 174 8642
285 433 1606
40 285 5360
285 512 4654
37 514 6183
868 840 7063
285 705 3342
466 743 9790
211 285 3407
251 330 4602
500 285 2174
121 285 2637
935 351 1870
151 940 8029
546 447 373
746 934 5457
221 505 937
757 779 2380
957 285 8057
561 905 9078
112 285 5175
814 285 1267
285 235 1188
480 285 2291
71 112 4790
180 891 7561
806 285 3588
250 378 5801
277 285 2088
285 929 4835
365 285 6038
285 590 5659
285 676 4644
285 661 5452
84 541 5911
285 403 5633
376 442 2365
285 384 725
540 42 7417
914 362 4080
285 875 552
963 843 1673
206 942 190
285 395 4321
759 100 4808
793 285 5369
861 285 9297
483 838 114
209 631 1079
884 401 9502
754 285 5806
118 285 439
223 285 7857
141 285 1076
879 285 2680
421 285 6826
285 719 9986
285 594 8428
285 115 2023
766 516 8070
285 588 2165
493 201 510
385 285 5715
285 780 2237
950 285 9672
629 73 8525
242 285 669
306 285 8358
825 285 9540
163 285 9327
285 172 7237
413 828 133
328 285 2455
285 344 1040
454 201 5169
899 285 9068
490 705 4619
443 285 6084
549 285 9690
122 285 5857
161 285 9718
680 509 5085
285 424 7874
631 285 6302
522 891 487
285 229 7878
604 484 8631
422 200 2644
73 603 8308
580 48 8556
294 285 5644
143 285 3858
808 285 9379
285 140 6394
771 285 3282
350 285 3665
736 285 9589
901 285 1541
285 331 5931
650 83 3445
285 911 2806
22 87 7546
285 937 5951
264 683 8673
285 396 9483
529 487 1583
295 285 6313
194 622 2163
818 677 9579
285 800 4423
882 285 5766
147 601 5281
693 761 7019
371 881 35
699 846 4809
414 285 5091
192 811 5958
285 234 9982
458 605 5573
137 285 225
262 285 4728
326 285 3746
350 131 3750
285 21 7086
285 563 602
285 203 7506
154 285 1630
233 285 6438
488 285 2661
703 285 5925
285 494 7194
285 539 7825
500 599 2491
641 83 2757
587 285 1838
417 461 1694
148 706 7358
66 285 1300
12 285 834
285 479 2089
285 518 2226
649 285 515
285 149 7733
515 325 8784
376 54 4890
463 621 8997
285 958 3014
832 164 1257
859 360 7792
571 224 7650
435 571 2678
45 80 1386
317 285 7197
674 6 2489
435 436 1159
199 292 8234
285 184 450
510 769 2599
747 841 9440
740 357 1885
285 934 7887
285 593 832
285 667 1655
160 420 9839
64 221 769
264 669 5810
831 499 4928
460 285 1322
841 285 4035
285 227 6175
335 943 5093
946 412 5936
156 880 6253
285 301 9342
94 285 2612
607 456 7957
285 30 504
60 641 3759
285 289 2377
421 904 5526
285 26 5466
333 743 8699
285 127 821
129 263 7380
449 285 7228
285 525 7588
903 285 4169
320 194 9203
285 799 7789
285 6 8019
276 925 9297
503 84 1856
583 285 5235
322 314 5450
482 285 5114
919 547 4363
902 836 8476
23 285 9974
817 941 8367
293 372 3049
79 830 8796
110 769 7048
298 45 1466
759 742 4022
710 81 7326
789 751 8171
264 498 6341
332 965 2105
534 554 5850
575 588 6018
216 922 3869
285 76 7564
341 528 9450
77 2 4215
285 107 8936
197 285 7330
965 80 7274
382 371 6069
967 285 6957
158 76 1894
356 285 5
285 722 3788
309 918 2134
379 584 8894
285 635 4947
285 857 2574
528 889 4853
844 43 9446
922 371 7775
471 279 4429
285 340 9518
446 780 1132
885 285 6193
831 900 5307
426 522 5804
636 285 4834
497 456 4048
814 557 1001
285 784 2376
347 192 954
592 348 4000
798 285 4788
734 415 4193
880 851 1822
133 285 6382
288 634 898
8 285 2182
818 777 5366
252 36 709
623 285 5133
177 652 2250
681 285 8942
220 401 3858
165 276 1328
285 375 2345
131 62 1533
558 809 4758
323 285 3923
336 285 6651
738 285 7812
285 679 6678
4 285 2892
642 881 6277
617 285 2785
281 285 2836
749 215 7330
663 285 7214
285 526 4950
111 752 2408
429 101 9975
285 97 5116
285 774 7270
644 293 4425
649 577 4594
7 621 2786
205 852 2520
285 606 1049
104 491 4674
687 285 3908
285 20 8703
612 285 7607
654 285 2031
856 68 4540
234 707 5252
721 299 7878
353 285 9887
239 285 9387
819 949 9639
619 842 5529
248 164 6186
285 86 3407
32 285 4248
744 193 898
285 307 7653
484 846 2893
847 285 2017
81 285 6343
936 285 8514
897 71 4380
626 860 2756
285 962 1510
285 255 7166
545 285 2670
489 285 7096
285 506 1600
502 313 7670
285 33 9080
327 230 6362
863 285 2065
285 723 3137
641 498 9631
285 839 6711
285 50 5764
615 939 7540
941 11 2339
285 666 6231
303 285 5620
509 95 3311
716 285 5074
854 544 2537
93 285 1384
285 440 9560
570 285 5853
285 325 9774
128 918 4134
142 603 3875
285 907 6814
728 285 8692
285 600 3410
93 387 6657
322 285 7743
285 305 7513
285 953 5510
285 113 1059
323 469 2926
226 170 5525
856 28 1490
212 192 6598
409 285 934
285 495 3955
468 341 1548
285 647 6632
869 285 9091
85 285 2672
501 421 5111
435 125 8582
392 285 5471
961 285 3144
407 338 6284
548 450 3773
7 293 8730
683 44 2604
183 285 747
101 169 7611
389 285 2520
285 31 9579
672 923 4254
18 366 5533
812 285 4596
266 285 9944
543 10 6716
285 379 523
285 745 3043
801 285 8032
159 727 1492
328 410 9555
658 517 6723
883 285 1209
710 370 7413
285 150 5784
285 103 7165
696 285 2310
285 678 2557
405 211 2055
65 285 3198
232 659 3328
485 285 4413
735 45 7690
648 618 8212
790 958 1591
744 285 7069
285 276 8175
949 136 7260
773 751 5530
486 764 5425
878 867 7312
620 232 8470
302 285 4391
598 811 3921
529 712 4473
491 197 7986
471 399 2579
730 285 8516
14 285 3388
74 260 2784
256 927 296
190 198 3158
820 49 5308
837 464 1509
98 285 1600
285 886 7680
285 845 8568
859 285 1357
16 342 5345
285 296 5518
572 128 6645
337 669 8849
650 920 1490
418 75 1003
187 656 7275
54 366 6017
285 476 5347
865 285 4629
557 704 9814
910 540 4029
560 285 9549
477 285 1899
426 820 5941
221 171 9507
285 146 2470
285 237 6690
949 135 3403
285 388 6463
725 880 3086
868 399 1896
767 285 1251
519 285 1274
962 368 5725
285 537 7833
412 285 2840
408 285 8184
100 63 6096
432 285 5060
625 285 6669
285 447 2150
887 269 4338
824 49 1288
675 285 6820
230 285 4159
244 289 2542
285 544 6857
919 779 8763
285 390 9043
393 464 5557
2 848 656
219 518 6370
846 15 1489
84 533 8687
765 966 863
672 553 3130
285 682 4627
671 285 8218
285 191 6793
285 776 1072
645 551 8437
429 516 24
778 285 6322
924 472 8584
285 13 4842
285 319 8559
634 461 1684
449 877 7795
386 285 6571
708 285 3712
369 837 1735
414 185 3965
471 189 4093
359 341 1833
940 900 953
742 68 8383
930 665 1611
256 285 9996
361 761 5247
144 285 3607
105 285 9338
748 956 4317
153 686 4012
285 91 5957
332 243 3145
268 285 3098
655 252 3503
263 285 8102
893 782 5961
726 392 7029
890 671 6900
106 399 5192
202 630 9371
318 426 1625
175 886 2742
259 285 6148
285 646 9669
109 285 2359
285 860 8946
285 941 8263
655 915 4180
285 3 8338
285 727 287
284 285 9571
98 202 3247
285 176 3103
559 711 8306
947 220 6320
267 285 570
434 285 4952
285 762 61
240 441 4803
486 453 1897
749 896 582
238 48 5964
157 285 6235
724 711 4114
285 602 5269
687 697 8325
158 311 5170
355 712 1811
520 285 3031
6 5 9897
167 531 4833
450 285 9160
567 880 9096
714 768 4179
858 285 5487
535 251 3573
749 285 6596
285 345 8359
285 565 8082
40 933 321
564 285 9769
285 658 8509
363 510 4551
613 287 7104
829 285 5068
536 10 3186
504 285 4412
285 496 2625
909 152 6263
795 285 1041
497 274 8034
844 253 7967
166 469 1526
534 547 2563
573 285 3257
378 285 5257
827 220 5917
2 192 5452
53 285 2882
689 823 1669
851 604 8567
416 965 3744
755 867 99
473 25 8237
285 659 1645
474 285 6008
285 88 8596
692 958 3321
285 470 4094
214 750 1931
964 955 4254
866 540 3082
610 886 4743
407 831 2302
285 37 9234
58 904 3091
285 781 3814
285 315 992
680 245 7152
47 285 2157
550 285 8980
201 952 5183
376 285 9075
380 285 232
822 285 1711
616 783 6109
954 285 1621
124 810 660
748 285 7969
285 530 8883
247 299 537
645 558 2239
100 428 6353
285 419 3640
901 90 5139
52 285 8020
765 613 4652
285 72 1496
485 178 9431
821 890 3585
344 448 7636
916 285 6788
222 285 4273
275 285 6342
285 57 9092
358 285 2037
547 99 4905
826 785 3878
729 695 6226
285 524 8349
578 173 459
843 77 3797
17 810 1886
569 760 74
802 285 6379
397 422 2318
902 536 4323
181 285 8011
285 204 1792
756 285 2509
285 944 3818
720 413 2102
273 226 9321
445 285 832
285 297 2337
943 285 2000
420 285 3588
285 117 3531
285 89 6191
721 120 1820
310 285 9312
586 285 8419
285 835 1308
701 469 6018
285 706 6293
285 951 8084
592 465 8457
758 285 7684
285 198 4423
437 156 3876
797 125 1522
892 334 1841
179 947 2272
804 888 4025
531 285 826
145 285 4022
665 265 7729
25 75 4485
326 19 2684
638 285 6111
285 134 8610
753 229 7042
285 187 1903
898 744 6920
715 422 5337
652 285 9194
285 662 9896
533 751 2657
285 321 6287
285 637 4636
688 483 8153
285 912 1312
597 285 9475
285 272 2410
59 355 8843
796 285 3965
355 238 5253
834 715 491
134 451 2867
36 372 2553
285 731 3009
316 140 4444
373 789 3292
285 186 5217
142 942 2314
799 578 9980
849 285 6448
344 411 7794
285 914 1869
959 285 2261
102 232 4808
770 285 8941
556 285 7721
285 823 6240
285 627 4502
132 913 8697
285 732 2873
302 391 973
114 128 2920
699 677 4660
53 246 9860
211 905 9191
852 348 9770
63 752 2859
387 555 1576
887 285 5852
79 44 8829
285 527 1498
285 874 9156
834 580 1946
579 285 8814
126 285 5161
632 760 2735
693 285 969
608 278 7005
461 333 6833
320 568 9641
787 540 3136
287 739 9823
285 794 1910
280 285 5907
481 75 1623
383 68 7206
430 304 5573
919 737 6933
285 286 4133
718 492 3256
181 633 9100
743 43 4452
285 1 3540
285 589 6622
247 169 3773
241 158 6152
690 709 8625
285 188 8677
691 292 3935
374 673 132
87 285 3307
816 285 3635
285 225 248
438 285 8362
649 402 4173
670 137 3067
285 24 5489
271 285 5584
551 867 1590
643 285 3671
119 155 2152
285 138 4810
628 937 7106
741 181 3527
176 581 8502
285 455 9784
285 562 7778
358 249 364
168 340 5069
845 521 8931
309 397 5083
611 285 1439
622 836 3004
886 906 2993
294 346 7123
943 364 6755
507 285 5401
82 285 922
714 285 1542
359 125 9843
285 343 4455
462 285 7436
285 760 4341
285 457 1618
810 735 2291
475 285 3182
642 917 2235
880 926 5965
156 895 5141
859 862 6125
123 87 9457
285 833 122
285 29 711
804 285 5927
285 733 857
508 285 5510
285 352 8641
425 591 5295
614 285 8118
285 39 8465
660 372 1618
285 458 1031
64 456 9621
211 574 6145
922 119 1587
285 894 1723
945 650 1557
285 130 6178
285 870 9131
285 952 2110
285 717 902
664 863 5150
639 285 1453
653 285 4584
285 27 5390
285 208 8727
721 483 1311
