1000
-52414415 -67919250
23857110 42827422
685776 -40004558
58138066 12822045
-70954472 96305601
-849798 -22256166
-27110556 -55211867
-96028002 12037708
-97651495 -45281195
-36988329 -80508107
87638875 20033356
-16410896 -68391289
33228647 29890258
-22250620 -97894867
24820148 94110218
-73809032 -61400820
81426602 -75077904
-15082462 -97435560
15386485 34628740
30934340 -56944396
73315801 44432014
-58263491 -69915459
94638613 -53794755
924050 -1775130
17716763 -50496520
-77946802 63935721
-51939206 57872000
-12237743 5642302
60263799 81289441
75399659 -81972000
-43372820 -14916054
10006042 -45893011
-43328571 -9429856
-74801117 -52560057
-9504453 -75425723
-78477347 -91350415
-61265873 16327710
62532955 -36740838
61484032 -14110898
87908945 15973367
32425451 31717157
-10410844 -90037858
68120807 80486245
-85707952 -70132225
412138 28384605
-86531449 89691707
-56201305 -90444320
125824 75990956
-76569102 470124
25044401 77841070
86490656 66442808
-17229482 99083417
-37657422 -22258855
63630247 -2180165
-86206798 -76173391
-91939872 -95944447
-85982305 46218653
79221260 -2350716
80033423 82138502
63039470 93513308
-64278624 -19554440
-9998759 76508021
-94984662 -20479929
-67493442 -57356573
-79515503 -71553763
94889045 -89932679
-90849262 -40508485
37232660 30175925
-72004240 -28506684
47836289 53379269
57434822 -58211038
-59476023 55896417
6062064 -76031121
-41376257 -27738401
-34225093 -13904514
-80942592 -78336788
-49312405 1496283
-66467283 61575012
-43265198 -44297066
-15850829 -33960725
28622959 29735662
89227177 31554578
-38269497 37773697
-38216624 26459836
32355467 -10273737
84031588 -37863973
-29451194 42306651
66275530 -22928073
49333526 76610870
15222718 -22584365
51595211 -32375205
-78362559 86796490
-99112137 -97717195
10502102 -44829842
73725796 -42377335
87358327 -52832365
78722214 54865117
-7361186 -70898135
-91921937 -7030921
-64788296 -93061448
21590942 40433530
-17259820 -80756709
48831581 92139748
-78733020 1532072
-68535930 50681469
-81693736 89006061
75802550 83059281
-62141552 -7539932
-99853412 -70793224
-13170559 48360551
95528186 -73611254
81253863 26704131
55805996 -73233239
19735840 26409039
33347591 63884060
4317589 54947544
-73292803 7454895
52111006 -60425868
41106204 -71944860
78736610 73377986
-85099592 72570274
-91854084 -50440764
42019304 90702959
-27573903 -53995635
-53118722 42165892
68554638 59255538
-14040332 -5074174
21692588 -97675138
28733902 -58234336
-94350277 -6055210
1408697 -37918508
-77947250 62483675
-97942194 80632257
-91312603 74163756
-99941897 95680374
-79232991 87424007
-63016758 -85041489
-94338531 -71087074
-25082709 -68481092
-73798838 -21912434
-10140533 74314932
-30759243 -52727838
-50402976 -71664503
-29898839 90933345
37394498 78330926
-7071219 28267247
-9249078 -61196806
-28048187 14981531
-10854714 45325091
41005464 -19360790
-31936784 -10796611
4161900 61772474
-56798238 57562821
89081729 62339733
-7056339 70635416
44950347 -84717110
15071415 -64680510
-36345012 -85808897
-42359189 64668440
42999365 86272512
14539759 95035309
-13645135 -64071855
50909676 -42192957
-96867867 58306678
-8537749 -7428676
-65708925 96653961
58426434 59525467
69604651 90969339
-94174567 -45855442
-75220027 -88797259
-73514368 -1230906
34088585 69730320
83921423 41557047
58741849 -49740065
-63467554 -5921404
-10886096 1741214
37669359 51072205
-38604390 -72014869
-61191828 41095398
-13816916 -35472256
13698067 30270423
-10204111 72990523
63959861 24640863
78785421 11916902
23119644 69785294
21070750 -96434607
-74187925 -97878362
96195048 -44840666
57935632 -90266503
56328457 54936897
-43321890 94468079
98056646 -54557640
25943855 -53136169
-59524409 -40547744
76496363 64752027
-4977551 79175039
52165561 -9805571
-85164709 -62665300
49251603 16125421
38427077 -53862926
-50297533 -27628754
27009247 -40502174
67173524 -24485458
37764402 23204294
-21858810 25109155
19577233 -5907142
92051582 87335663
-13284143 70150242
-70397503 17995436
-17252538 79707811
58882849 -41384778
-98673987 -69713727
-32379027 11048409
-20309808 -31322333
14814741 -30611062
94276547 -81882732
30131458 64517208
-7451888 21285793
-2993550 -2695019
-77585865 -69687487
76921735 75147640
-85000335 94507732
64657973 68973316
39485114 1715522
-18576668 -53223168
5392054 -25251062
5035211 -7177456
-43612685 59234430
-72087904 -74827454
47077848 88593871
-40772499 42726837
59760407 41354394
15156550 89358959
-13336061 -47691482
-17378969 -87837001
-60172999 61594438
56102169 -40457235
-18967557 -45173334
-90941450 73276504
-79946665 -79482444
-4733506 42998246
-11662848 77961752
89712544 -47181933
-22009386 44724467
33318337 -82375361
-87132162 -74931539
-81060783 -54937799
-65578841 72628245
-75063238 86612130
98775129 73601462
35195899 60074156
-27866716 -8881507
98461522 43814430
17090933 53165727
-73800354 -39963565
-96965320 89660631
-79861256 21466140
74284208 43888195
-11387339 -90148713
-20007711 4791184
29859645 -25552639
19509562 -7139873
-34511629 -98684776
87927355 -93552917
80048545 42941496
3015651 -60781155
30337338 67760806
11575235 -72334703
-66652613 81315223
-58648343 -18817470
23359523 -40452967
-66470465 -3097300
-59209106 96014630
-41617721 -39669895
65121289 29403555
-43632722 38374568
-16248943 47497296
48812521 -71606798
-12643351 -98244210
44697286 89256238
-71524918 19921556
-12317638 229300
27894597 -88671217
92644006 -48226041
85472853 -86241654
-26694621 -13487975
83414725 8832375
57363368 6834915
67165020 -75794382
-93874465 -84254354
-93363423 32286309
32299967 15009177
43402379 -9612366
44659788 33628850
22885087 -16724610
-96803054 -10642927
-57897265 -96123468
-84794685 -9120692
95169630 -77486305
-63727959 -39634317
46877708 80642482
41991220 9577421
-31071302 30292432
-92985588 -645413
67616596 -63906283
-79103612 -86860053
28149124 74253173
17157170 -94287282
39341568 24067866
-92656745 -38183043
-96309608 -37773345
18619550 -36943436
-93547766 -54206872
20823186 86341228
-53293090 -98378136
-65219292 57095227
19189010 -53899020
-71090226 -70711710
28642877 88117708
-23272212 -64075814
-50935867 48775836
75545371 50140539
55853257 -70270380
-93686152 -7297460
-92964141 47711188
-37545795 -33826534
29230031 -89273748
9035743 81073755
67414982 35682265
89820492 -70141072
-60529483 -33361746
12739234 -75398800
-46110510 58659528
46777235 41649008
77573194 -64951270
83824566 -23978615
-73838076 -20846311
61399672 59369936
4588839 -65468457
82242731 67713520
-66113014 64141061
-72616325 -55303065
-74229311 63117017
51315644 36419418
-81205292 -54297967
12340287 41136136
65737336 10781589
-30558884 -74920480
66728528 -27856812
7191918 -31265287
97272462 96818084
28488136 43532846
55419145 -76565615
10482291 -10112193
-42398673 -39992017
-23334594 -7274978
89938320 44004676
7121692 4049082
-7015138 -31774628
13927405 -41562665
-47910167 11779571
-24922478 -73732308
-48652788 -82172832
-10029643 44518638
-34230287 -29407897
19926549 -50321363
93211484 -36957826
38992922 -51585316
38302492 48630628
-38845027 1991576
94716598 -51579819
92424857 37820379
-58130540 -62828721
5396651 52062911
-36983392 34854323
-849744 -80675944
-54408252 15106442
85449973 74227778
71262778 49455323
-27436212 27936692
77615330 -10451147
-94892610 92490338
-6578616 70826813
71973803 96616675
-1391750 -15759762
32660419 -14354862
-76534484 45841210
83012490 77601638
82180911 17851340
5222025 -11590860
7733196 -2286118
-87179677 -43111357
-68883580 -94158694
-92187008 98270296
26206988 -45104440
96960776 -19623220
-27132883 56338680
79681855 -97931835
98684841 66288502
-49471261 51655657
-10182843 -2706910
-56865700 -64294479
-34176479 13282673
-16349625 -21336848
67072292 -51995568
45718314 -58611238
-1722595 27321851
85679520 -88945001
-38158343 81910188
-63194253 93492512
-26130708 -59434993
96903687 -66233477
-11648949 99252772
-81942365 -70898097
80757560 -12964109
-63154656 -31413625
56808259 23091079
-11109885 32496007
-88840842 -77368221
23152574 72540490
-86070748 -69252188
-89413975 21387250
32442249 12206657
-5883155 96265546
-57725581 -53199731
-12634724 83438955
-30278160 16143711
67912846 36785326
65887229 58072892
-2374855 85970481
7073218 99161152
22252230 34470489
19482858 16397839
39029619 -88857656
-63800803 30642016
61389829 14698555
-63914195 -49871551
-85148532 71975854
-79242239 -78955584
20361048 61484676
97439994 -36967819
-68307746 -92273676
97028013 -32838167
-22248913 99605100
-61908057 62915241
-85407246 75376233
62363084 45165161
-38437000 36844985
-99496309 -18154058
-34995680 -46891019
-79676102 -63297112
-13168663 -73605852
-49113635 8926066
82486846 54199169
15683844 24160489
87192670 2847893
63090580 13123837
-67197967 -28598713
23522749 60118592
75550196 10553120
38445715 61614692
59296216 90142950
26987934 53325162
-64828897 -26624422
79000922 27491626
64194514 175423
79085935 99324820
60767249 3542214
10257745 -17511338
-40834487 43254094
-53898014 -21542049
-55901849 -53641817
70275833 -90807434
-78172480 -23099816
-60030334 -6201419
7929636 97377716
87520666 -69068256
84256906 -32774149
93117792 67024962
47032950 -28055629
-75363844 72118713
-76040106 63743827
-32713960 -96277910
38727115 84727143
27981236 -69939853
8518098 97892629
-3232826 -73400415
-11691486 52616249
-17967205 -32956994
-86642051 10136034
7513750 22002462
52934206 21287585
-58970202 47550778
14575739 89707474
-38348156 -65852411
-41217336 -38391311
-22131122 -13712000
42526454 -17257441
19986064 97671281
-72268573 -18746432
31662559 -52032700
27083248 36249525
41382137 -71570268
47989101 -84608239
25527795 -76585069
45417393 -86136587
35150998 -14442093
-66891316 50867961
93091797 -71302841
15361111 -99799214
14325838 -45256360
41031641 74143776
9402697 92194716
89865996 36074457
-82671976 -70611240
29872423 -82402578
-93636691 -98493054
-17546959 -43044330
24863794 47745446
71160378 -69557858
-3178082 -49608411
35949496 69094133
72478457 -68027085
13186437 -78425457
-78224671 65570253
-79686107 -71452452
-44792314 36101167
28295882 -86138104
49936353 64610383
93999143 18161877
88275662 -80219261
-26195952 76387929
-14140039 94638971
42384417 56257090
-60784406 -89276245
-38884656 66061157
35155289 36037512
-79473211 -50418798
-28844255 7633745
-26796002 33713227
62260775 -7068926
-18451397 46034254
-87587488 -82531540
-65404795 -90155516
80522724 -85134773
-65354034 -18889290
-42501362 68798385
-84046282 8450015
17223467 43358600
-93401283 58338135
24399291 56439061
-7523428 -32285939
69811626 12070942
-27778950 13003361
-53283413 -6516266
-61068830 97941411
43975664 -38506276
31478547 20479774
30324258 -91095462
-76230235 66073752
-52815538 63363345
32161729 10932094
-28101529 57199463
558062 48115447
58969944 89121938
45560998 59673142
-20096435 35885597
-52043461 -61962431
-96442707 -50284809
43198925 20177589
18118999 -49726120
64283968 82130095
55126231 14611025
23515563 -4237486
-38163734 -14549511
1330196 99801691
10733784 61537091
18736553 -66508076
-65876266 82632256
-75729445 -28189022
-68515881 93093678
28979275 -77652084
-39614515 11387685
-86380762 -70547824
-97853873 -36057222
66733022 -90665475
91464620 72781489
-12607487 31016989
-20704135 99107214
37074065 -36575562
15742491 41132131
55185584 -61595740
-28103816 -73523726
-38375108 -26077863
98249478 58536281
51629959 38411811
60759727 -70266404
93637644 33125596
-84905866 -78854789
37604353 -92743119
-83408594 -82759739
90021750 56853737
40387088 -39427611
-40320398 29930625
-54128575 -80317048
-86668554 96753667
-64842074 61613916
-59393448 68517030
-57560834 59570473
18106754 54747808
-6840382 -6794994
22938603 22253075
-44621330 -46080656
27580918 69092609
76349491 22989167
40229428 17701633
-25444631 -54542741
6029648 82767540
65214527 -32541181
-12858228 -81774388
-32504359 -36397686
-74783771 473218
-31009753 2653567
14740403 18339144
-26913049 63945777
-42849218 -14636481
-92383407 -81237069
-27317725 -67394253
-98301644 15511626
-61499208 -99736807
17964826 -69435791
28537831 -68753418
-85985879 -54963442
12495377 -12916158
5309454 -68254990
-4652676 -47846489
52626729 72805096
27975025 20563553
-8580941 -25866661
-61920885 -57284573
28078946 -82977627
-64214696 47746260
-67131630 88211902
3723527 8467580
61247136 -12916911
17647298 94740682
-74012737 31728324
-70718756 -1298509
85785333 -7482253
24262757 41776622
93930133 -8905213
16416245 -80389920
92689996 99073225
-26793437 -55608731
39623060 -15890945
1131428 63802041
64064663 20218368
60946633 36916732
-2099326 96933033
-15983879 -35329841
11927204 -40852191
-56607504 -45820219
52881273 37914467
-69567786 -27326260
-85549639 38666605
-17722246 54694971
-73178586 -39103143
12486444 -48789639
-4398369 -80488591
56136827 85693007
-97988591 -12258947
-39524217 9784617
-782288 66076072
-84474533 -78577585
38608938 97118386
8782558 -458412
-93762268 -49463859
-59033030 52175054
-75151207 -88364633
-97181666 -28600816
-21389482 -8184482
-94771263 -14903911
36306450 5431932
77459704 17715181
55924550 -15575557
-75318142 33596531
-56618853 57935959
76528393 37674005
59096420 42598859
92233608 92053860
44111811 50221720
-99242140 53532528
5707581 50349543
-85498728 -58275169
65640378 83072737
-25111746 -82680394
54932058 -55749105
-97800811 -19883009
-49651466 43754871
-19304324 79658894
65771787 -93726917
-83274596 5377535
-56948461 -90847067
-95731845 -54229840
-62175981 -45335679
-95113959 -50981875
-97449348 81935830
84801735 -41839736
52401458 60774596
96363695 99303007
-30861024 18041836
-85190907 -28748051
-96114698 -75928967
67825904 -30475354
-50816461 6750200
13023283 1037943
-93584523 -32528312
29140984 82265051
-71964790 1983379
-90835938 33409139
-65056374 18375592
52827785 -33433534
24726731 -9989359
3301599 37629519
89448889 29644551
202749 -334706
-76566395 -41412136
35175260 67528206
-62947149 -20164730
86585470 55517527
-43444531 38752753
-93775560 52125116
34390166 15487309
-30012950 35365424
21290926 -85058262
33317330 -20848888
45717579 -91249086
-1238444 -13854886
-23709004 22960672
5121585 -45420483
54244811 18256247
-70639527 -94675666
72852540 -69805222
10030049 64535733
20053259 -37578247
-98825495 -3384482
-51259367 -70874910
44612399 -40084692
-52202906 -64352839
3105262 -85400552
46266924 -78395618
-69644703 -63577408
75084069 44500865
19977899 81633216
-63787268 3891427
-77852327 -74900517
-69576183 -57026094
-26831316 -48491854
-83956121 -44207281
18214472 83198733
32330614 88613501
-82261409 71905340
-15662990 81071247
-30765229 -85132648
-18016836 32134105
53738487 72340033
-38721013 -71749913
-74732686 -63389854
-81756639 -11120581
92770846 45245213
70344696 6972457
49946363 -85081481
-33573335 -46715124
9077595 -24368591
-41169858 34986907
23600408 -20191570
4230132 91160756
-75251636 93855362
-38760924 -58916495
-74266028 46499498
71355894 43222240
-76011311 79472459
-31401032 -67365120
74030662 -50743997
-52982422 -13157671
93814786 66801508
-65763611 -82637726
-29352850 96277511
-28091080 663054
-11833676 -67758893
64565900 83255425
74416180 -35716906
-41861545 21312395
62395900 -48319094
98180405 71893894
15116134 88129872
-79881308 69536298
-45312460 91621186
-59122811 -11282340
-71923648 -18765435
-51963928 -12105233
57773404 -25592500
23201374 -17727539
-64548123 -19063084
65694387 95110294
78365718 76134564
-59582343 82776649
4089043 -94701741
9495528 51072475
22966369 19001305
59647539 7675932
29728592 -9401135
-17779950 -67717406
73516617 -63067505
18167060 75613602
16024732 -98407032
28516832 -81280506
991955 -26201865
-92748586 -48281795
-655139 88960195
-82388879 72945801
-91761189 30226941
88041563 -41971222
-38382384 12327855
-16154478 -2462910
-42270615 84583985
27699212 -56506939
-24224345 87457977
-23093166 -90080739
85532864 1808634
55917966 95073894
-86206613 1557595
-72127908 -15565203
88669365 67301705
-91221738 -64876494
-39414331 -11985775
-29242472 -73610617
36934524 -31175519
-66331302 -41200910
56336180 98552140
-64347514 17514220
-86476357 -85934436
-45960096 63351698
73270960 41815661
-56375705 30946738
26020632 -88679815
12877780 99542261
36493420 92330382
59632087 93266235
-19093896 25162784
-34306629 -79073289
-52683906 41491773
-37167384 36450899
95249989 84250618
-64680880 -3498686
-33468103 -95897470
-81831905 -29028394
-65676696 -19944460
-25612436 -27792001
-44328901 -39889374
-28569189 18011859
70070482 81691731
74022113 -63175047
-69908813 6563901
-15756953 86170562
-92902728 10997291
5005427 49936418
38903679 6929729
-8819654 -79645595
69372083 86670030
90772560 79015829
-50012565 -64096021
68475882 -38542983
86181379 -15689261
96937728 -57136555
-86608334 -58147522
-76455792 -31631462
5193491 83462148
42542411 -49917317
-11230393 87801041
51314695 -73214543
-70761763 -4133121
-44687030 8836484
29190889 -79341722
-92671693 99009680
78025508 -1437029
86983313 98100868
12074247 -71987058
64840044 -92024443
3355365 -1744374
40108104 61777771
-17337329 69263395
-94758096 -83831326
18767721 -59627476
-71826435 47784316
-72913865 -92462673
55920570 -67995378
40841106 -43675627
-23017349 -88766461
-89756782 22548357
-26372309 36827322
34928189 88268727
-31201969 -39388997
21102923 -481202
97774424 -66361925
-52067792 -23025349
-53761955 37882527
-93432436 30594880
70967404 -48520051
-48219373 25335285
32872612 -48342669
-16338047 -21133237
87707499 -11206819
52543084 -22980579
99567779 17206512
-45966167 62786302
-96428610 -26804531
86322835 -58521616
40997183 -27630578
6007497 59942121
-63083229 91287969
81686859 -93543933
37050947 35671179
87151128 88254423
13589707 60534714
-35291593 -8551882
70314881 -1021319
-59711775 -99113277
-22093856 -89461259
27745253 92831309
-91866028 29990285
-96814247 -65704551
-24226167 -88294637
-15925215 89508589
-98032929 -30712622
-39424653 -57401356
-50945289 -61116158
74555021 -57737795
-69483373 -61377979
-48326903 -85777490
5670628 96622697
48117740 68897867
69784590 28501871
39040612 88405965
-66246365 207097
-69802619 19302228
53597677 -58112392
-46407029 -14100502
27924449 -18112128
51175251 90184119
-67217238 29891520
68775362 -88249403
6529165 34353836
-74507781 95846745
-89930746 37045792
86184851 -22834684
-53936817 68256246
49274479 86818953
75224918 -31635865
-78912406 40831454
-39866319 -38505085
55898886 -48715024
37184474 -33752280
48135592 -37991781
-47807663 -34891078
95000442 -689158
63577802 37491462
-28154702 -83707835
-87861091 -29893034
-40330880 49853880
-72980804 -25275474
-57019229 -1629667
-14810714 25598742
-53520761 -55228387
85603067 12930566
74425481 -32433166
18851810 -54263253
11984467 30324367
-55151052 8552646
-73822070 12636421
-35536374 -2958714
-65467253 -26305266
-10013101 -71958573
50664757 58894408
8748288 54642171
-70633304 -37149761
61220573 88283847
66398951 24863831
69635444 -1073779
-35626851 -87121811
32961386 55238510
-46508381 -61201371
-78360642 4329558
-87117797 -82007552
30628869 -33511693
-83954045 -8423504
65271230 95092495
-24349715 3095065
14505836 7774491
-37583339 -21168596
