3816
44299721 41681643
55418578 -35945668
-69546718 -30836449
-8684643 -45655202
18717947 -4152166
-18674417 -53446134
45485 -89967061
-15811340 85655141
-48946293 18037933
1183164 -96806671
-28244353 42630203
60417796 48792022
-75557694 74850713
-10643452 -31807714
83125311 3273710
-2528285 65127034
-18302272 27425031
-50895056 -47109707
59751454 12151010
-39484794 40420301
-60509471 30985764
93535066 41840789
80012293 92052377
62606672 30240088
85949781 -68934001
73696202 -36210165
-87418144 -42294573
-14927498 86630360
7339009 -10459475
92814235 74429050
92072446 -9535681
-29594288 42802313
95692606 -26229827
-61562455 19510656
12447319 -92039579
38946185 51469115
45826266 51937848
43990224 84997613
15237701 25838558
56904557 6596895
-77096908 53703844
-88590730 83117122
69747481 -64515051
25025474 48998136
23427185 -22913511
-79932830 70356072
13158384 68015994
-58213834 -9527118
-37500100 61367352
69327773 32740075
-15790811 74947219
26885066 60790321
98304296 -69964546
55874013 -29124711
-70011454 66058359
19762202 65294932
48412053 -47108361
40892951 83687836
32685971 70675897
278748 -34081576
-11209142 8629518
-23354489 20345919
-89181200 -98050759
-84167045 70948041
56204478 -26681299
-51734081 -62322909
98467412 -59586334
22965483 -72332652
51059000 -50711931
-84653572 31355858
-3349210 81047547
-13544452 35108630
71312828 -2420795
20771464 -72651502
45783285 3998798
-34855321 -78949788
41396131 -65425857
-10960253 41790190
65254593 -95268707
-21950006 4872703
42549794 21459070
-85610902 78832277
-93500376 93533568
-57178364 89870945
73743165 -89925014
-56361105 -41831936
-54206943 22910317
-79510478 30094443
57442941 -82894116
73621046 41260986
-85172440 3226226
90316732 -61234276
-66927724 56223691
60954985 -20643522
-63254457 -49156768
-75181336 -8478659
-29646383 -68188301
-74654734 -60792237
-18404930 29369604
39444591 20683266
-68632308 -44661766
-69235086 -64400152
65694292 -22839251
46782997 3770799
-2451853 75653595
31396183 20404042
-88313872 12375708
-31400602 21712914
-46414245 -55241596
-4398364 -17929255
73592087 42847661
74659361 20420301
-87855574 -56054297
-74168330 -47479011
73204255 -6260504
-98405908 -82207377
-46607529 -95428053
34249059 -67640994
36129805 -80913238
-52743280 -18967945
-46047541 -13805685
98570023 78652903
52882180 -34361413
10396992 -32830580
49240166 -93532066
49315595 -41485010
78935291 22832252
-80705683 76491318
-70987693 91079717
37335575 -2357650
15434973 -97783439
-40695129 91446031
-23678601 -78656193
-59569431 93553931
-25414015 -35032433
51161882 40203652
18856555 28538445
-53306606 49731904
-30582314 -28261266
30723031 57090386
-84394624 -28825786
-53477172 -19961375
9046306 -52942971
-9346891 18333509
-84024142 38058613
92791537 -72011317
-28048924 83927195
-94728999 4612771
-1833299 -99211162
-34243595 -1782067
-61578415 -74730952
-93676145 -30565351
-28317085 57278140
-18466764 -46982750
-37376002 41100601
-35208822 -87743734
44811254 30745737
77802767 11314006
-70352486 -46142441
-55567466 -31544125
48960921 -1860264
-17933070 -10259566
94353205 -26571640
-25782802 39854294
-61927774 -7480095
17788953 92489966
-38075386 -23506189
-13711687 76629172
-70353579 33607529
27224492 67821549
-67405823 44786782
-24467481 92015670
55846039 77405432
-16220647 5851648
74307523 -61990085
36149651 28211888
-82047679 75784806
-50786835 -29267057
-89412764 -35178112
57341793 75946726
68436691 -51340537
77669637 27647108
4276279 -69638696
-83514805 16474313
36812224 86439063
83742208 96226051
-59241918 69406402
99328196 -40725274
-82357264 96604121
-65385964 -16892452
-36164202 91950259
-79748574 -76719951
-5987007 34304482
99126370 -30535408
-2072320 57116592
-41707583 -91015476
36631633 -33635629
49242038 -64037946
-95047271 -6575726
32379700 65727234
-85530354 41764953
11171354 68638270
-19570642 -44772272
-48168151 63015912
-1360177 -1927906
-9977648 38962248
-85241341 62475621
49296466 62790141
-15228905 61288015
18404607 -99060803
-90076278 82698776
-50936854 76697024
-34824560 99071718
45012354 98305184
-83451221 22644532
-35590515 29908416
-1453315 -68981575
-13753846 -71902799
91113114 78976043
-22951864 90594366
82072976 -10247064
4744919 -80413150
82376992 96831635
58119650 6557747
7496945 19664449
2363224 29040619
58254005 69937030
-78474891 51426370
-97752084 -76570555
46073977 66537463
48962242 -81203305
2331484 -37000176
-8902974 25289
31517695 -58906000
-68311635 34726502
-75520563 -91434170
-19330956 -86238660
-36890663 81740719
-11701534 15562398
-64773154 -78771014
-97214033 -51688227
-81751198 37590071
41532803 61039973
-63014220 -60226089
-41172264 43780719
-84906223 -64423881
-1424056 -39693660
60331630 69941624
-88964377 -57810668
76915834 -8150676
52931517 -4759649
61518054 -46088367
-64347649 -13883077
-98320680 -75372610
-1627260 76467180
-22704685 -10577470
-20471037 1158707
-37801321 -4455883
87834391 -78938235
-82641153 -815541
34760579 -821510
59484830 -15031013
-45089390 -66663478
-24474146 19816459
-35817855 18462596
-86297054 4958050
58869683 -82886338
3230585 75221000
-47635248 -52961604
-23978061 57426269
-53151202 50737492
-48103801 53317254
-51138629 26377761
99955889 66611241
-34204300 -10787876
88390614 -30168902
-92683553 -46927359
38925526 -99608194
72724628 14743420
-66793985 -33032258
71925792 -63093227
-45979565 -574676
27162686 30795474
-69649768 -90232618
67193651 79527439
30264930 6372171
-40310575 -33441189
-54547066 -65322509
-46194905 61067159
2795645 -54591177
67756284 72117158
-74810202 43702622
44094428 75072732
-10183849 64115324
-68916935 16819055
-93757810 75538530
-25036147 -96991144
86320693 12778988
22546371 -97873461
81653978 -30812713
75559459 42256384
-91184805 64435270
-48370876 -12234754
1348767 6784492
-95290323 57950582
30067739 -95855589
47847033 72465962
47538693 55257537
19372860 44457823
13793241 -10128794
-34590265 -97027713
-41502494 20035431
-67185581 92889952
95016491 -55181802
14005485 -92122848
50133536 -70813170
-53861538 42081306
-17637086 -88534907
18249586 50283949
8234530 83711681
-59627545 22959263
47941587 -9181369
-53923833 -59264150
85193674 47996642
-62132152 -82034611
-79062324 51503277
-28461293 55793946
-98799741 -20564818
76769743 56869489
64746641 -51266888
-22080058 43291591
37889259 67396540
-68622005 76574768
79375079 -79747827
-43519784 -97856057
77619570 40125972
-69055398 -3147329
90104885 25561156
26074161 -22979230
47502522 -72185080
79318197 63942009
72252317 68440199
391743 -49143097
-39757245 73452577
-77814312 29677849
-27030561 -75010605
-55097703 52621994
81713124 -36624940
-16372767 28796656
30940599 61088202
1214173 92623813
41992846 8560168
-13362313 32158776
-38304092 32097730
59912650 -87288153
-70829782 -90801571
-69845010 39230846
-57395888 -46061103
-20092164 83063097
12740945 2846867
80352625 2093525
7231881 -61773254
1601806 -22228715
-93432060 -11054996
2549568 -62254598
-69630786 37508539
-1414930 -96236259
88438880 72362060
56976153 -62260881
2967329 2651150
11849579 16888802
8636011 84653910
-61407194 94520933
77584029 51240123
6603352 18500643
-26889470 -9675027
28551719 39472339
-82756377 -67141227
21803777 -17330113
20415289 -76188437
-86163535 -23130293
33149811 -96699135
75662926 64937898
-97322984 21588690
-75760161 85155441
2044242 58160708
42814617 88605782
83126714 -36803385
-85563263 -66076215
52424428 60710742
3552077 73556452
13028791 -21948680
10910093 -15379842
67290045 30272414
-93399660 -14769768
62099940 40221697
43522562 -27046832
-62108935 -4750250
-30645197 19185487
4340927 -6915556
-48754849 46111005
34716786 -41098468
22098147 94059768
-72016448 70359862
83586966 89051248
-84875939 -67075657
10975663 -12860958
-75724438 28152852
10941629 -25597881
59632351 91565608
31787304 70058332
-56988501 74248653
-30501597 -24690135
-52988285 33418927
-73496630 91369569
37480573 -96130996
15286899 -22251479
24324651 24713722
-4926417 -10098591
31469019 -95175435
-9734729 31176912
-81684047 46593080
27262295 -46242703
28159416 -57408484
-13326514 -9279714
-39221383 40308129
14556782 -29022848
98803380 56306479
-10274595 -63428453
-19542522 -1668543
2200462 16228775
-53506342 -82061950
95168135 -29996277
59905132 -76665329
-19324401 42758081
-26065008 43890513
-9516407 70940871
-75301833 44767308
-60124814 -29737750
60982536 -94626055
45682074 79065035
-49957814 -25722485
-69416007 12755218
-98156873 1361929
99693386 72825761
41570898 -17699395
52755019 54410210
-75586067 88064556
-36084411 47923153
43197596 -63164573
80725941 44591188
15532058 -30351050
-85583742 -28790467
41471783 92746588
98120533 6807807
-14127158 54970681
-70751805 96318970
61590550 35915028
-62723044 12348551
-14825689 63433678
-54265718 -10513295
-56103086 -73254792
-32673874 98489301
98928817 -31689153
5146275 83758078
28349265 42126412
-35708275 38388578
-37885527 -3602314
-10855727 -21292017
85515790 -43897382
-88926702 39781169
36100138 -28611369
-40179978 -7162144
-94813594 -2309313
13640727 49613341
-60899955 42877080
-77861350 59375010
-89619328 35513323
-96175831 41981139
25739216 -38174149
-43531374 61486807
52391747 -45911520
-96997472 20760351
99468334 -85493781
-29391163 -7853198
-68072030 -62499515
61405480 34198498
-72963647 -79455530
70751520 -26258136
-76644796 -15260878
-72383799 36908610
-3716381 14971613
-49515065 -50245149
91735990 59180654
-78993495 6825467
20828637 17475205
-75919952 29991494
-49248156 -26779617
-12273397 -72917424
71745741 2736540
40237025 -89148198
45050301 -43809927
29250906 54158867
-72099270 -75396984
9342139 2426
-63088965 3772298
-28739727 36958340
-60770446 85711017
97408033 74261571
-18912963 -16518094
-46526526 -29069100
-99077607 -45567964
27652420 -22446478
57152461 -48325763
-93072861 -32104615
-21252813 28898202
85088275 99680528
53839394 -23686150
53433230 14339181
-33142031 -65743513
38028785 -37224632
-47749930 56285367
94512746 -38194580
-63933010 -8520376
-72522107 91920778
15368041 69670390
-75897574 -19048633
58504889 16290434
-79518966 -95728792
-27833407 68173712
-2928087 -72591827
-72911300 -96569858
32260356 34676551
1532094 -66555543
20217307 -14306415
-99014685 -79093575
-70291846 10762454
72567874 -46764615
97231373 -75779101
-31341961 -38848774
-69178385 -75290735
5660632 84026080
52832877 7440404
11711612 16681883
-15144406 73313911
-46761554 -63605433
-7658927 -65556130
-78363217 32843510
66287967 -75398572
10295013 23168877
44075302 -13494727
97267727 11280328
-82967925 73783456
-49479283 -77648038
-16496812 -85736553
-8510925 19178756
55721199 66841166
-25718430 -50333931
66347952 8554075
34384348 -61490456
-25095888 3719909
38163779 87622794
20466303 -80238453
-55637025 -87683076
35485801 39270632
-21707733 -92825650
70971041 32077465
58377283 28076356
50428318 -59480522
7299289 -91102001
80593118 -13552132
-46710966 98788364
-51545567 88830679
49901116 27570604
-81403490 -32681253
-76444982 -15714537
24424620 46016985
65778532 61718797
74035721 -55109078
-63322083 -37342131
22348582 62037884
46631711 14970184
-4437097 -6680378
33839101 5008993
66423355 -54008780
84955452 -6345248
-7556885 99532836
88363514 -61755515
-81668549 93413911
13249021 90780993
-24933545 -63072039
-64538691 36804039
51039199 -47992563
49414723 -98760160
16414073 77591282
39629166 86092640
53579186 -61237346
32082277 -13739124
-56213768 -50857912
47649672 18437740
-35391146 -89790414
-37741216 32605123
-76634030 57051969
-97017758 -49377702
-6080347 -5786216
31141745 16231263
5551664 -78497530
-26490092 -80880584
-27124380 -43409138
-65817856 -77075370
-38466368 89289693
-71947654 73811310
12588548 -84887183
16771269 -87349015
83605088 56374780
-80899271 16937303
2058788 -51786059
-42217727 -18640487
84498174 25424758
-80361459 13280878
-70487860 -21582174
-79703 -96703352
-77583935 35063804
-55828971 -74053433
-51128803 47808048
37097740 -21646827
4680845 62921192
78034009 65150086
-69682566 -82730608
-73839465 47321640
-35741058 -86077479
14652826 -2222373
79137140 66317730
44258850 72435099
-14284024 -83848324
-5430498 -83586247
-80289598 67744479
55324645 -52993839
25469091 -5357170
-57549123 99495674
30365209 74340288
37261479 -67935021
97215065 -64953947
4831809 67811851
67649853 -19951139
-6028617 83508707
-18713667 -68091205
-49257113 -38859429
-13907968 12939835
29091511 95001738
-88584510 71808008
92068849 -23822624
23183537 -16357745
-69198553 99909856
-48078108 1168991
-24490722 -26747676
5317303 82287101
-82666846 -34712880
-14384667 55048731
-64902409 74681326
58190032 -46734815
37690343 81585337
-57274093 -60523636
52416199 -59050407
-11532307 28817939
53142309 34024073
-89798552 -116817
-63958199 97727520
97637376 85901348
-12929662 -33156752
92611936 -50440733
-68153633 -84904021
32899462 50445601
5494331 1695884
-23622791 -28968843
76812705 93108286
-72790016 -65432760
26559967 14503048
-92030997 -30064108
-48729807 31492529
-34483399 -3563304
96319879 -43071135
7172747 -24281951
14135759 -15121958
51721291 4810122
-93114249 -98793903
-31181561 96849589
47295189 -8751518
-54539272 -98282100
-27250943 -47210480
-1585832 21837938
-91078460 -50438239
-83418829 25624152
-51923594 87997871
19490399 -75449826
20986870 51862963
-91208173 -62476638
65757774 69823112
-45298847 68480937
-26708941 -20106468
33615992 -41061194
-44211606 32693173
-23541983 -97565570
-43331307 -96916417
8389466 21918746
-3726954 29417750
-68504126 -40680004
84944148 57710949
45708819 -51922955
25143583 -66979446
-62600121 17715580
-92244696 -53869548
-31530074 -1291931
-32810995 73513078
5922973 75687443
-65373752 92996427
25689600 -60461036
-5510242 42931006
98530952 -97852384
76582725 51158451
33092564 6920417
66240413 -27144230
-69433281 64588438
-34818155 -96299078
-10762161 -71208100
46507481 90325428
-11027757 26637718
-74654214 -93220853
80292226 -90041469
85645974 -7465208
-14468782 -13784802
78270525 -79727778
-84280410 -36262820
18401160 -27239718
-23564904 -85749459
73687321 -5016116
-79643983 -90472341
-73367541 92444096
96145018 3439099
32230999 -8185696
34656095 -14617143
-35463063 31254842
38033990 -23855300
-13896769 -10117276
82417516 70842578
-42942225 -28250795
44537790 20465096
84202277 -12155338
-86878693 60257380
74507921 55119799
-49896318 -10443597
51600425 48195241
40639336 -29540301
-73584840 78232884
22563550 89300716
-25316428 58646160
42417364 -42780356
85880707 39220510
-18380404 -19548647
3810293 -28016062
43733143 16553474
-62981431 60868068
1229093 40787295
1044674 -26262792
-71142994 14350400
-96093198 -24447406
-23735803 31477052
-45546887 55507227
86256473 -30580105
-41279390 -19131726
-7969204 8820022
-81443971 85920546
77657418 -65551841
67415876 -95563265
28937036 11793376
-71653151 -28773832
-15389401 -27329822
-34026165 17881781
91618990 85839692
190091 67018509
-4912535 -27007642
-43014228 56613256
64636845 71351662
-6712081 11438886
-55176478 50893317
-40286662 52008530
90445438 36854318
71302477 30785730
35222466 -79380783
32412593 91234715
-37539117 -35840499
89346043 60759442
-21358778 99587845
85427536 -44680123
-25145251 22776574
-51714705 38133989
-5252756 69942214
93810239 5271067
-30773685 -40615912
-37206233 -12901843
-8376951 14049837
-49095846 22507105
5809198 -17931514
55204066 -25277006
-34042292 -6451974
57707527 -12383342
892462 80934954
80522798 99569932
7406172 79533685
54826621 -81533305
-90882954 82260921
-95280504 -44371722
60899346 3864290
-84235260 98529735
38144255 -69874340
96691861 -21441493
-46418025 -70232697
64352153 -52403986
22319008 -88092465
5455561 19556218
-40310761 -59206921
-78271968 -36836913
15249382 60581701
40115385 -45232807
25750251 -24828084
9949199 47458369
-96913354 34867298
-8752050 14668695
13198430 -83497646
-855622 59529054
-9396077 3859047
33626350 -4163762
95948615 44185898
56093433 -2021498
-29948917 18267623
-88422936 -38451007
77228444 29740322
-9677978 -14178541
40588652 44994188
-79833897 -17046230
-17071499 18855266
6238926 30115302
-2699641 38531510
-92449773 97486876
-90467709 -36984849
66874198 6694605
-44952795 136215
-55677888 500548
-49004588 -49004181
-78220196 -47068092
66997264 73562858
55819542 -14126769
71694691 96742070
41736257 -53858436
81611697 64799705
-16345030 -85581278
97050387 -35459803
-44411931 89893896
-60102866 46867109
-90117741 -36861704
-77650737 -50570575
49565640 -70727180
29773368 -22603532
80908651 -53595885
51852386 -66714858
-40635637 -44795183
41078049 18849649
15591719 -84816096
13841831 12772739
30088806 9844338
76779424 47969890
-34973551 -86256224
-43845966 -73653828
73213281 20614519
83752815 -3948832
97996957 -64388097
-35115277 -93897922
36014909 47562596
-53516927 -52825547
32975958 69439922
-75355261 98335459
17185108 92340321
-39959412 -81760850
83528252 -14706811
-52346111 73882419
21852309 13617057
79877196 -23050325
3295848 86878758
60009639 -63968770
84598761 29025491
64637394 43762454
-97619106 82595717
82674676 -70477884
-23303431 90912166
60352088 -70842252
-19990430 -90327473
-45470790 -62486811
8268702 -50288960
87520592 14569798
40968580 -8203047
-42069628 -12309157
64640519 15337251
2216008 -62192432
-26161202 20452729
-50521781 14742010
11020826 -41562442
-6450362 -33368024
48670455 13401720
56830248 28740676
-89585214 -74632976
-12444086 69698698
-40271751 -9575644
40135396 94601487
9171285 67996951
-40206097 80172350
-32136807 2656227
-82006523 17724276
-91951794 -67496289
-94527198 72725848
-12532143 -18112996
92840925 7467384
74099360 98488683
64406765 38906925
-32352400 75286178
-46830436 21237013
43452073 -21937613
-78996895 40725478
35326964 -96819678
71177273 -86345136
93827214 -2985389
99670838 -16512461
-46271823 -38309594
46710480 -29819323
-57093475 -38223617
96179750 -95300356
12167029 30374382
81379428 -58462964
80443962 38782751
14068928 45786192
19539567 607924
-68813327 67238492
60480332 -37008360
-33828038 -47810221
18361006 48323659
-2145368 -10134403
-74130502 12188219
-73605012 50041833
-79777491 -20402325
93890421 -74378170
-69678525 15645397
-53980221 90070170
-68392794 95004867
86303980 -20084431
-21781877 -35432470
65175454 52889271
72644125 97757691
13265693 96362128
-51448094 33124457
33964478 -68045983
21819614 66912912
31617493 -68180891
-65622696 -99794525
-20196850 -89471157
-63849326 -45400186
70245211 26209934
68796466 18988512
66509741 -31218648
-98786717 -99596329
17487564 -94669918
58219353 -20568593
-22810903 -17336982
-20974855 30863478
16504297 90454790
-25074831 80093414
99522688 -49531226
34804246 96744783
96950258 83656543
94185387 69181551
-76218636 29269771
-44520296 -17147577
-45642703 -53457063
67840653 -75723831
-22803796 -79132963
-73802881 69053936
-51514658 -52799870
29863148 84416473
67796313 25674439
68645591 -38595345
-58501932 -15699391
34769383 -56429241
-7168095 -6462882
-22806339 -30426372
-8728459 42298525
24084658 -28620953
54231470 15052905
-85887795 -67919276
-43643106 -91411234
-18027834 -65530780
-96476845 86069461
-66730410 8169285
45102120 -47991502
-69800701 -84350899
-22946244 12898432
-50284597 -48638747
47448375 71068188
-35394695 84484786
6574777 -7203358
-64904833 41798966
-34305625 97846318
65415586 59179825
91260550 -80074156
-18969027 -67955847
-33486627 133806
38719629 -84480499
76205150 -29963472
74561389 -75494419
-59845318 21307269
-13277936 -42722949
8638304 69724802
40792989 88953830
73438616 8603041
-98600317 -94601707
47197260 32529755
82892435 -10988787
-51808963 -87108366
-14666158 48308020
-67131465 -8032051
-55381883 -81118823
-65599321 -618092
-78065201 -64145892
-39640310 -89394172
84429460 96496188
-46226762 53030735
22755536 23667886
12621716 -85072096
23530946 -36451476
21463181 38576694
-28893552 77446992
-33541796 21176803
86584800 6515245
-45176735 67165604
-40866447 -28081359
43316182 40208163
-60409929 56268033
92122142 77716861
-59160949 -38475130
10537420 -47518169
-41971072 -22215127
-98547241 64310659
-68245075 80784465
-3150649 66590838
5167531 -92197767
85249225 -81687469
39489334 -71209659
35305586 -48292572
-81126968 78590497
-49490863 -57354787
82853377 30522948
-13209020 -53658319
-23425096 -25040190
36484680 31429484
-63572323 17413955
95198829 -52977901
-36150880 -5543394
27757433 -50832050
-84241213 48120409
55922642 -75393217
-4564322 73442681
-97766979 41171867
-54604343 -12558626
-33968130 90054970
-67299817 16785052
-52692001 69057371
-32084586 -31930078
43029732 86615343
18044826 44490319
14420636 32030774
-68430765 -93011134
1445472 9619464
-88696224 -4581644
-3944873 -70797096
6326050 -20421074
-46978394 -48022232
-54334003 -45721910
41719465 -44745373
-54690403 43578018
-39636931 -39732303
-18158570 30526143
-48887573 60187432
99319137 49756845
-5752837 94142159
26172932 69880325
76869191 -91332202
70803626 57742167
5676885 -21685338
60033929 -65376236
14202691 -98267989
6226143 -33640021
73154432 67224297
-25004713 -95591498
47986520 67390259
-72342044 20304884
3347389 -39134048
-26430254 62015749
11772593 54459816
-98881664 -27111118
-57230794 -41463882
19720280 27291268
37549797 -27845240
-97014216 -9476095
25147669 -4256955
49991419 63019714
-18103945 -8133278
-40908981 8733924
13142427 -44949514
-77559255 34086306
6907552 13645309
74511261 2615064
-35369188 -37228697
-82768882 -51918994
73486251 -71080232
-12544114 -81650546
98157085 -31228180
40926580 -92823835
50216433 88223244
-16033712 43912364
59448440 27880465
-80252814 -13525930
95207994 -58655506
48911344 31354568
-34559127 60866783
-25487908 -76131549
26483515 -75135213
-12363910 -50976648
49620722 -56369311
-27449543 4867208
75733025 23106972
91878792 -87477294
-80301129 -73593529
-85370285 32805371
29234098 -77568333
50312132 51112366
-9897202 -11317463
82543395 -77424320
53930249 -14689208
-53822426 31454738
55323189 -28112516
-3247728 20689666
-77770619 -18193297
77953755 -63095276
94288296 71850103
-5042926 -49495788
-36973082 70021320
-51055846 39352229
24673962 35242152
57673819 -36426131
-32797403 -46091941
95106960 60502313
83077994 57305396
-57383813 77650354
9105091 89524605
-38587912 41310124
14516153 16944642
98751345 -89319278
-52414553 36745534
61111999 -70778539
-20274327 -58126258
-35588576 8585435
454026 95268954
30511106 13355578
-70554191 -74872012
31552410 40701287
1203600 -3351593
-46046198 26659369
4309722 36797956
26322560 49086352
-9603525 -34068825
82875817 87734648
-49068267 -42571010
-53309114 -65856477
-36635015 -1482820
92907285 -39680753
68904683 95607021
90875975 -42681292
-76809351 -30641292
47003059 73903443
14604729 -47363542
49284865 -21444531
-94785163 -31675309
-94877354 -96761334
-95158620 62040923
-72027903 31445206
71696217 47754219
-94816792 -36635723
-2492200 -77372051
21145129 -48125905
12193342 -86610853
-91003832 14052413
-76112517 33614387
-44510542 99872143
-73708053 -52921868
52230954 -97507484
-18952015 40896676
-90778633 1515818
57270848 38779186
820108 -85655987
98305583 62112228
9866446 81308568
-2810793 70001799
92629748 67566018
-28043525 -52786630
-39397483 66291239
32860014 -63333821
70280567 22115048
21987190 56747497
-43658008 -74229976
-19221097 -99204501
41692176 -91427055
62605126 61826889
606074 50913543
-82226082 19875973
34504564 -46057456
-64748889 -83920500
86081299 -3112628
-35546611 32440319
79653689 -68772592
97518647 36409864
73076044 -7227432
-85112384 30378660
39642520 95872973
-78357004 89391169
90186669 95984512
-42926181 2421899
16765150 31878844
35308749 -80321056
39554918 -30112414
23830130 -94400971
-25805107 26575844
-76536785 -88402396
96554286 -39723809
44019963 -12083395
-23157169 -71275664
21496904 41538609
24433632 -50081126
-54208154 36384520
78292052 -35923849
12577025 19951205
-25110533 68478720
52873926 69650844
89329788 -55829021
14058566 40699037
46298066 81401068
7976911 -62111305
-50513701 -26990679
33285513 31440127
-28126906 -1443053
27281283 29821838
23876809 48715925
-48848838 -51221813
-62320931 -51689560
64902954 49459371
21926939 -31512517
-10517435 -22520022
-352816 96816406
-59012616 -57643510
-64428111 41493335
22894402 -92437688
-54548992 -65613682
7395639 -16612324
-32655835 47453670
-53989383 -6802486
-76980649 91733622
92965909 73291900
-25413551 99412524
-52277037 -55882930
-53907196 12265519
-66730636 -34857720
95138621 68019743
-82647490 22751930
-82375218 -5214195
-11204498 10856257
18418570 -46803328
-12417010 -88310097
47593942 63869578
63839610 -52505009
40692506 -85061894
-40811910 -90149774
-64341511 -83771781
-84359258 -47846001
-3728931 10244938
-24973181 15880069
-66461289 94880236
62899978 8296184
-68951887 -71322669
75979499 -67231150
43625108 -51327105
54385930 -35225000
28981267 -37956323
-21570383 -5514718
41980274 -23424792
44029678 -57730774
4635816 35189142
-96066277 -44265870
7888129 40294305
3055605 -27909171
-59512740 -43324439
-48444204 -69401213
91411334 -25974029
55219665 -33027863
-259013 -25024191
23648704 31199164
-51509474 -56633906
57926134 30550997
-74963722 77471793
6563364 -11127887
31141340 -80467086
-92761582 3109404
58843534 -11706482
-18895815 -36311495
88295697 -33268337
75923587 84159790
-32725061 -71217044
55325290 -72520618
-5548481 -41313728
33662081 10544954
-5739520 -53291131
42591326 9827148
-59621856 42751007
72739162 53033823
-58094065 17930785
89980063 31818888
-65071709 -74436363
13857155 -50265157
13423348 -53711812
65536214 94961340
-68362508 1719044
83018363 41459800
-78544456 -1087569
-89884934 38343652
-51111394 68423427
-84867705 43777147
-46395706 95665449
38416455 -89760017
63273806 46498801
16945949 11155617
-4509133 -94820259
-69256622 6926011
56660854 30419159
-70776291 97116897
-55405402 22600565
-75680392 -52723715
88736085 -23767910
-72339116 -92662029
98197986 -37292009
-68868583 -9707687
-65930541 -52913409
-4731597 -1219925
9020059 40190117
39205280 -66315143
97356837 24810227
29989968 -43848772
-84406399 -7152296
-24216775 -86750291
-89633395 -75229182
47371383 57523297
-95200419 -45038797
83709657 71690991
-68454676 -53947972
8760019 -36113097
54179216 -70256690
29346264 92407800
-8812126 88248675
80955154 -75385334
10815887 -47275705
77534523 20160434
-71171976 60689086
-46463211 7524490
73290562 -55578374
-30807556 81836377
39359673 83657167
-8865267 -30919811
-6712458 96675617
-57272356 -25155611
38731292 24832867
-92907461 -95995974
96411826 -7089493
33675544 88955166
-86430168 -12400301
92840358 14630698
-12692506 76902082
37591167 70374880
30415732 16135518
-86926494 -56355681
-74519305 3706294
39879823 34782313
-96137499 -82643269
-33451290 -68985445
5858944 -2849956
-25500727 61792718
65796744 -2893402
90017105 -18408188
-29453023 62208569
2324630 23692649
-9160291 36633172
66051616 -4835013
18056229 78147203
46799083 3642783
47287102 -51528039
52178255 59872590
47171265 -74715841
-4842747 -7941923
75588996 51033767
700173 -85777674
76015044 -18552061
78554538 75199446
9307620 41811787
56536718 -78911996
97297016 -67629041
69004132 11377710
-40940940 -11863276
18800289 35055747
-8785108 77115289
-74412751 -34400628
-22011676 -8981644
68818879 -69718134
74856307 -74840412
-71290283 16492494
30714820 50445302
-15590397 29409890
57125698 6729863
1058012 -37035860
36568508 -33566683
-1195723 10111092
-78511198 33865523
-77997753 20324771
7896880 -19452138
-42336850 40802536
-41081730 99111773
42646491 35766763
-81435009 89422957
-32901092 11465369
-72042137 93421298
43866599 -4191375
-22265122 -88810955
17918909 -71723798
43756705 -65139425
53810256 -28506717
81604376 -19674788
-33292902 -47385468
72939303 -44390460
36157402 -11290655
-17971757 33352545
32464317 -53663086
-65379961 93462877
82885833 27627171
-60907461 -46814969
-53393672 2501103
98309729 19566765
30755811 -57010710
23781855 28560969
-84062094 1191082
-74799273 -32461441
-99619866 69748162
-77637307 -93194898
-37585358 19603595
-39170698 -52181642
81170904 -48911594
-2574679 95373908
88836784 66151583
-6221247 32045360
-62253247 -75761021
26740082 85387656
57470783 -15646918
27342372 77566173
6127141 40742956
-5549600 -48875774
71179148 22065048
-8186791 19651128
78972593 -75924356
43679239 66692266
-32973014 -6096402
44992004 -95491460
-47601189 -51802111
-33134165 -5066313
-20504590 -58764406
17990936 -86839050
98548606 17242163
-45888393 -2752619
-25186447 -91464249
-98204931 81453979
-14905433 -66542943
-91961533 -3754530
-31587040 8790078
85382085 -148324
19060304 -52614448
93805513 29061324
86086227 86087291
-13198458 38797517
-13752434 -61514963
32236995 -93816261
-80655310 -81740662
88017865 2744293
99991674 -29590342
-21054591 -57870529
-23900187 -25194773
60778647 -19259521
-70497689 -86289258
22500820 68817114
-31331211 -2084729
45300823 60399268
-10539409 -59754544
-21150891 39106336
30420215 28063180
-80935420 65650651
71834391 -30815857
39959845 -96182063
6562230 -56304557
14105101 80494072
-24860095 6553904
-66124507 93050511
26307352 -96243920
-82533177 94654140
63471253 55809663
-46275067 92484006
52883273 -15343596
24901860 -48457882
-56835184 -5139774
-24560231 -43732669
-78082018 -73898607
-4714463 47020712
50838649 -53731265
-10035822 -12238256
-31744185 -42599122
-83528856 -95930722
-50363849 43395720
47151801 -49653363
-54999224 -71540135
84269528 -82865014
-90381009 -39011609
45644796 -62005540
42052942 -84981373
62395216 23063018
79330350 85217758
-88680849 -62165016
84855696 -46235306
52549792 59121051
-53117206 35694344
-54388415 -4969668
51615973 67654972
63567054 -37917271
64945730 -98747876
-70288011 10718854
80370203 -37537132
23451260 -33502120
57008703 89989195
-42475816 21612418
-55324565 -938356
-15720598 -80080601
-42245616 -23477853
82803204 48114916
7235966 -4873558
-16662851 35352995
-69616674 -93364878
74290094 28948734
-56452175 -65484338
-64232214 37857147
1092364 -38990083
23472786 17996138
84494018 -18537434
23968123 -53075955
68536463 41502721
-6919273 81492307
-46071931 -34271740
42250408 77360129
25475044 64198816
-40674743 77569974
12922969 -14772628
-8137506 95178769
76643865 95822658
-69661681 18668950
-43473903 -79808310
-18798393 18622468
-10865031 -89865177
-8402611 -42809245
4114800 26145349
20164432 -31918125
-50425819 25167625
90895886 -86754841
-56878350 56018613
20217428 85662656
-84251009 -78886943
6340429 -67940952
-72762184 28671960
77010981 98202924
16871873 -96118319
-23410266 -40134338
78488131 -74085668
-63950845 -89692297
-32501541 -32376901
-53715190 80162908
-51755218 -75870379
49297247 66449243
79694402 50335326
6353939 92709495
-69111488 -77183949
-56070892 -73428634
11146777 -53362497
-72174174 -97214100
-46494814 38384594
42266275 -42646831
17218831 -77106579
-51192246 -28627629
-18319926 48223324
-31637215 37373272
70052542 -98305105
-74175483 14647596
-18903162 -81702677
68632650 -72361874
-27136017 13307602
36123653 27502951
-93409321 3752495
-97093640 -67430876
-12128613 17737457
-43877950 -16751451
40601718 41376573
64269994 -49095313
22277058 -42179451
-93956128 -34405890
-44516255 -43526506
10684753 -25593342
89054254 -74463714
-3650027 89025633
-83336242 22667454
-64024945 -35017378
92485573 42044104
-54203402 -75384930
-42815806 99076252
16813708 1219321
84467871 97571944
38948516 -74547880
-23643193 25069588
-64593501 55734873
-26154655 -48849773
60140085 -58549628
68373393 29329090
-92618261 23341200
12366832 -90055992
32611462 3731712
-78769304 81546953
23591056 68586517
93201587 -33767369
17825245 -78095984
75639700 2902144
474087 -12844684
12607436 60107570
37693521 -8061034
-52326162 -58519394
45147196 73100020
-32933246 74035546
3364636 57803643
-18855158 -64559854
-54615846 63262738
-33005551 -53971964
-19908649 77995616
46582132 -11774855
-93025862 -43801231
30619148 92300082
-4797775 24799383
-88045302 6258848
18882780 -51807326
40131640 24562135
-81440897 -43423700
-70323680 -59678160
-85642614 63706299
21509942 -3256926
84699584 70238385
86017485 -44828854
53715546 -69916263
-39404284 -46988067
93753441 -66193104
-9994334 -40305790
-48005709 -99272422
78043324 -79375187
79400024 99712879
-52094447 89998023
14560157 -1717196
54859104 -59446445
33391759 85635623
49341921 -62948214
86311224 47749145
70503892 23368225
-68944266 71010807
-46389094 56521376
-37950329 84771280
-28905462 14206622
-73582805 8319474
61563415 -86383434
-13242257 -21588514
30640728 39606738
29604760 -33842234
-83043068 78546281
-28383802 -3318721
-17683099 71816037
-38615815 -94992044
-94726537 -15824815
-39940228 -52304592
-28777423 75777355
84815093 -8884494
28403148 77349847
44072831 -53135237
-92299401 -47985951
-34369385 70490026
1417875 69264014
8870752 -95095280
23578850 -67941398
-36878755 -9008126
-59810484 40535782
12351818 34737443
92261763 22506417
-40802036 -73747634
-26052226 97535226
-74171057 19257737
-37110395 97686715
-72447077 -89355965
10025162 -56190884
48339528 71625754
94632143 70242124
39506138 -33513495
-28608774 -3949983
80624982 893252
-55598512 94970076
35505857 -56253774
-68999969 -15408996
-40386216 374038
26626404 -24221844
-26686618 18811748
-9414153 -46909460
3293617 51658688
-85180915 -94008185
2317294 30846540
54988657 24844247
47602734 -49343179
17143326 49620799
-1812822 -12891129
-59481515 -58949086
-63979011 -21187841
75074748 -15080027
69510978 -75956791
76933610 -93925222
-18147065 -70875239
-99547129 3560013
-90833085 -92317321
59341367 43555082
49546897 12460533
-4176565 74160452
51521062 -48135810
2521011 -49187909
-99567111 -876205
-61250972 -27819301
13231614 -1379933
-70051412 31783876
-83296152 -98231035
-21671463 -94976665
-36385523 -61268812
20372312 -44737854
-88661479 97983775
-94333547 73341547
16896628 -79494563
32965970 -82475818
-55799004 -33556476
70824077 -18694233
32117859 -51761580
99878578 25861450
98042149 85067111
-16312822 -61372395
-77072157 63790125
-81924547 66152129
71175465 -7851945
30879243 -3596010
51666137 -12693696
-14709922 3767918
-22890536 63004658
-63973543 -9043469
60997076 -53477546
65482341 -78491211
2814557 -94801929
-46563508 36306417
-37832134 -65067585
-80000475 -46684931
44459038 12726377
29032865 56203066
22355195 -80096757
12051298 47108318
-3971330 46047022
-66646675 -4553096
-48268816 211169
15732190 18643403
-37883704 81357011
-72120536 51758647
73267437 -24370266
-19172195 93361805
29668221 -23918007
63530771 86780660
-7387908 -55647551
-90404812 83530296
92249725 -10412508
9490735 38628053
38252733 67121282
13168303 -25941604
69505300 -13202234
87008935 99037991
17681393 -78763517
-97406507 2741124
7016134 -67685949
7943785 -17010680
-23648876 -19716430
-91118075 -58712048
-19415025 -41464293
55404519 72412696
-91540647 -74286571
67817284 64999707
56144123 -99290923
67830359 29824381
-96117224 46913218
-66289017 33515024
32553014 -74095562
-342716 -79280082
75977405 2750769
87581183 2250777
-62243541 -17006462
63277108 48041330
-58154355 66623946
-74840348 -75324605
97088091 22430620
-99339589 -66919467
98080241 -94452556
-41227116 68477695
-1697925 -93259275
53653943 -73396757
60118267 54701215
80605653 87364927
-39398793 45187644
-52061588 -19737063
-64969924 -63421389
19572150 -64480405
83560925 -27213464
-60589519 35365620
60041016 -74593431
-99646449 17086497
50167030 -90354532
-84807088 -98986038
-77991981 -99236368
-92495643 26482160
53085403 72826458
27527672 -86325337
-46444048 65720032
63424038 60649687
-59087377 14157159
-96747868 -88637550
-601592 28459063
-98754402 22824282
10706265 35475695
60882265 -6827558
-37224699 -29252720
32909111 -86247822
-32717496 -34541306
-33777674 -99381614
27100546 -10709477
14633343 26243047
39917710 32702311
-1577658 -57838986
-97189299 -54009976
60147183 -38153620
25725193 -3760313
-75301251 63399315
38739960 -74876400
-86884343 -21539290
-75850485 -50553776
72709867 73997922
-59733537 -13075184
52383510 5618977
6237363 7548967
-50644148 -28877801
97365246 -66662092
66040219 63989196
-41333428 89799318
-64210659 16978924
-68658334 13993636
-89766677 -51547114
-35631437 -90416779
-12776816 -12551565
65909146 -96891478
5071109 338841
26853126 -57424977
29499839 -22219025
-64083685 67119589
-25331445 -18116651
53005548 94670041
-71992051 76540770
40529965 -97112845
-54797165 -53435470
-83940184 -48287100
65706536 -19007824
81961425 -82155
9501066 -71543779
68421020 -53670013
1954873 96724250
-2936909 86846528
-70578450 -92974019
37323320 -76083784
-56447833 58921389
-6678900 73239635
67909675 18220722
47277854 -1156990
1730165 -51566014
47514880 -12192181
92037082 46933000
-19558462 63574696
-36507459 57743617
-61283799 -37597038
61249313 -74490031
-77765781 -92862780
93983748 -36795815
-29769834 71813673
-51753749 -76594703
-65156952 -39930152
-14174155 -8201582
-37464498 28164149
-20476479 6251883
54685869 -90186645
50137537 -66229951
80703049 54717111
70808170 42174618
52434598 13660950
-71419726 -65699290
12327042 -56332839
-49195619 89829587
5550134 34561261
58891296 -2695509
73226151 -71703337
-11633489 -92862454
51452327 -39414439
88749710 74192357
-19555761 -86012172
-23682453 20789594
54559643 -12353530
-57636419 -73544917
-78853936 35262691
1440003 -86828250
-11177 73580662
-82752178 30020278
72366227 -87684136
99393489 20568566
-82126944 -22083639
6213024 -89198854
-29544944 -56384431
4201130 -52904103
-78711747 -78092618
-11588426 45467203
-33743204 54248855
-58104675 64729121
91184204 -79183562
-91404509 36775269
-97536619 -35153370
-61572709 62551858
-7427865 2452204
67284431 8191476
-71239959 17454724
95371085 -80805719
-70004572 -850540
42765029 54100471
-98803632 450484
22357866 -517478
-55050276 -77515379
-70750161 -36714198
-71985078 63722883
-62944317 -28854836
-92079568 -28284511
36562119 -54348826
-39280606 -89616187
65352380 74989411
35697249 -94192109
23262616 85153173
-95652546 64457291
-36393250 18633700
25250534 -65657118
87309729 -41111858
-89112974 26446902
-98552115 62183957
-74530241 8353113
-27924005 -69302276
54359251 -46515319
77716533 9131678
-92700786 -85203955
-22303779 14278652
41784425 -31981391
-26173500 -56951400
-19281864 -22518327
-58061037 -50394522
-79244459 -14934410
71924835 58062077
-30533419 46006075
24969339 -88249075
73934882 32869970
-58776918 26417224
-90368689 99404641
5405685 13299077
-25052883 -83493076
-68697030 -16877783
-50082769 34762694
-44702335 8999191
-95435846 91701656
-30816671 81640529
-68753994 -14717710
-77135758 63638655
74217094 -47998453
98007622 94789077
-93459999 -3799963
-70929994 22976960
1910547 -67008755
-15087751 -29706912
-63891473 64058221
80565145 90317934
25956513 63572007
-1665299 -88131886
73383669 75873745
67575400 53632366
35272894 -69535815
15746475 -10724909
5430109 66518901
-28963190 91127080
-61567482 -20352798
-71636398 -30955568
-55462246 -2511118
30480127 -42566392
80243060 98964664
63022884 -84607625
-94289692 -83648414
79923594 96104392
-92027495 84183185
60056929 30774657
-15592978 -66127464
-35663279 27632328
-30576218 -27803721
-8768458 80083196
-76273363 74853891
-45498908 62268352
-16170854 -37840845
59648037 -17135306
92814666 80883264
-67635711 -9871836
5520539 73057725
-58074327 95387174
-55992073 63747211
-99553243 -25634371
-94859715 -48019568
-14147031 60503686
40652376 42063671
-33223688 -97293948
82789249 -89923843
84930048 58007854
72792568 -40967752
21191404 -8052497
-72671441 9138077
-9978660 -19160560
-76516034 -79856776
-54282689 22385629
70289165 81520869
45268079 40159348
-85475024 -85702909
18793887 45714836
58734884 -27818375
-85754705 -42836782
-40130730 -612741
9463417 -18978393
-8454177 -4825119
54207130 -5606536
-61142671 -35661610
73476467 -24601467
-91245665 -33814111
38845476 16014169
-9083839 -67761698
-86240830 84562788
24722135 -38794675
28018780 -88456389
-90225191 91763474
-36054902 -53187334
56492247 68509693
-32103049 30706756
-35755275 -83638484
11536398 -70123270
76786558 55790548
-27354699 18259890
93658423 -84356114
-18170225 -1361870
-32831338 -97587243
-65348941 -79324749
-42245599 58084823
-28193490 -51589771
12470203 -65007102
-73243629 99825290
-845682 22245012
-9245296 43217833
-26075412 -44353436
24524444 -88831982
-58955252 38169314
46476224 -11422796
-93162907 -82168695
-14008445 -80878476
70276018 -99504485
-44575365 67821330
-58987057 -62555321
95529502 42592058
91002287 -1232656
33760242 -32663989
19677664 3472490
-21766136 -86967024
56250809 -28651656
26994909 68988569
-67327051 -69824604
-79138928 4035715
92612919 26234060
96581729 67337297
-61024817 99450012
-47538111 -17426717
2910975 -38232437
-787758 60402887
2994944 43923919
-4792375 47258106
-32889520 46513594
2502446 -18515770
-5482794 86788144
-41863513 80736310
-97758760 3284377
33459773 -62352242
94199836 -65085811
61148250 -93162792
-73309133 -60670884
-61220873 57729978
-7180377 18182413
79949977 43757379
4160266 95730598
39654516 -20837782
-21063313 -40328428
-93814835 -12621496
68862734 46047167
85351673 8687611
-10576079 15896302
-80819322 -3995478
86168644 44181524
79095714 -94843187
-35489616 80368479
-80302405 92760326
-96993335 -8798749
-90616336 10993085
7266827 -4173712
44073248 89333641
21012221 -36056545
23615027 36244127
-76377370 -47534730
98512437 29800193
-8995834 -54998274
60898028 -63619529
32384994 -67055551
77125974 -67404932
-62248119 71070000
-96045160 56221687
-98501626 2262266
-54020121 -76347565
87161884 -95494961
52847690 -44636457
-2786454 46945073
-89111473 -3079063
-66834937 -81774233
-29308963 87019917
16820109 9304056
54305782 21719837
58100308 -39659362
-6714913 15203809
-99684761 43001664
14071663 -29588940
-20850891 -61932879
92845750 18026504
94195302 -19352517
37668885 -61174372
46705535 -66126453
80818620 -9483426
-60046126 -56080920
14661210 -55776491
-68756574 25635300
-65060644 -62131390
59588447 -99420103
-39079465 89245138
56965310 70205117
13206781 -93278015
-22866955 57280549
-52135968 -20205194
-49662328 56282155
-10554000 -6773856
84568136 -2950663
83439247 -72885115
70147822 31273670
-72290888 -83225771
-39002262 -89898305
35736996 42370323
80238933 44757527
97853788 -76807286
-87562149 39827379
62548858 11290685
18012670 -78080477
-68283565 28272001
-39416830 -52337922
-96055768 32096830
-74677026 63437205
-39513459 -6609768
73021480 -37592528
93681142 -3557849
13216380 43169302
-94212641 -78609747
-83723062 -73269520
-75995630 94040718
-82766569 96515871
88859612 -78141843
85665205 -17812354
56623532 -96075168
32196833 3677875
-96143685 88339967
20436797 92780003
56217208 -92199453
53707142 98276134
-39316395 -30779889
-81821376 26728622
22414286 6881109
80787725 31395004
-89358153 80718008
74758726 97064664
-53903104 -65353783
9020737 -55491481
79212528 -12527129
-8602297 -5314059
-49119822 35836060
76692389 -23889102
-31109099 -45263507
15053403 49645548
-99561957 -22375529
99360945 21276908
521892 -38878352
68002757 -82460431
-98549065 -77063823
-43829453 -98693156
98371508 -87907218
-744638 -69070728
27954155 -3015234
84457637 -91723902
55478403 59683045
-4480896 28371702
-95517400 -41125057
66127800 24727856
-25626597 -26626499
-96485666 -18818798
-97541891 -25188553
88449458 -97124722
-27068790 2980001
78432541 -91031423
-89724579 -25617854
-13525072 -65396912
18048723 -38836709
58148057 85730291
-53477249 -1480760
-41797715 95122057
23493758 -45482484
13392460 -93762249
30965607 27976358
-46133779 -20479741
-86782177 -42144627
85183183 9896918
65288560 -31807704
-76311341 -73850998
-64882421 -61780231
12601915 -97878800
-10759349 -2090637
59072654 99076844
-62676504 -40194264
-89158661 69737074
64859130 -16153753
38363764 -30956376
27797738 40869250
-31154392 4272586
83792845 11279708
-78348557 75228192
-14874890 -50472970
17719326 -93165375
-67016373 -49586331
-11366562 41407986
96045549 20617570
-81473068 -46248284
5344922 37802562
-49875340 77599587
47336660 42668418
-20968973 -39034001
82525986 64712152
5581401 -30088847
74183739 10323724
-78396569 -73056629
-97828437 -89507055
-39980024 -56745126
2605862 39813036
-57256933 -69744336
71663650 88105852
8723421 83892868
-62355417 -79774440
58028122 27250354
57366303 42989505
38174285 -91847218
-30881219 57219325
21931476 -82794688
39632828 -48355233
-85515147 -19970761
6972611 13816567
76825875 -11395353
31859521 61660537
1473572 -10637787
19617878 -13018255
-24912404 44216639
80625869 43797890
64023451 83811018
63577734 -81729548
-86223681 22051572
30204354 20944036
30679723 51950605
-78327721 -48160502
56000628 5127561
85156800 61305107
27638036 70485481
-40909873 44645773
6306309 4463911
-53657514 -56533990
30447755 -39703757
-42970756 65960364
62274617 -94464650
-58137270 -62344887
8441928 26298067
-51650362 -42043174
-68582776 22218247
-25831149 -68929645
35426216 62096947
-32775493 48357493
9662600 -8573157
-38087677 4897670
-50456558 -62699365
94280909 73518813
-83015178 55849752
-83854006 -6860242
11616484 99948940
-41999348 25691602
63346715 -26108900
-99810834 -136617
-89663429 -28211358
94006889 1055168
84641886 -58246204
-43632895 20692103
-30950405 20068101
-88505057 23591613
-18994355 -68771443
21045556 25923629
-557559 30549087
38915201 67842827
-39017416 68943626
68892565 -92422442
33269160 72599069
-53509832 -73106784
79272962 -3384126
-79079122 -804302
-47232772 89609534
-68636671 -32555871
-59347406 -62590887
57477214 -12269566
-36161591 9702190
93447110 -78511481
99928511 44844054
27909504 67009028
34851855 51887314
20830939 -33175296
-25597738 95834439
-79050131 42239866
69133082 -92328579
4287295 19956401
-80847902 -99077594
90531940 77724536
-54831335 -28080674
61844802 -25588369
-85341573 -14178741
-51960189 19322015
93326897 31013200
-24142747 -5996716
-38987689 -54228231
97659083 -96233244
-29408539 95864166
-55785033 71006384
13246249 97510086
-94818493 -34835164
-62362401 34895693
35818099 61985165
39709701 -43210303
81225386 26350038
-46721969 -62605272
23215987 43070187
14908564 -32063541
98949659 -76227839
17775445 60751823
-93476409 27323274
83606394 78787756
74651922 -95817327
75189057 6714217
4224302 -28616749
89064450 40951668
-24152639 9405809
23907337 -73297951
36008109 -88334541
90531861 -36382963
53528128 17233495
12820044 -3673746
-83220925 -23255886
516275 -19755029
-59003207 -31754904
95568371 -81708281
-50404162 -52479615
4219421 -68308874
38405343 -23235878
48147373 31924841
-27123492 -4853993
-42931821 37211822
-83569767 -98759769
-34577946 80975516
-2891085 52438343
22188200 -44046086
-95203470 -49362958
79897519 -64991757
15253214 -78424394
-10179298 32930157
-96261762 -91233630
8803118 -14610928
69596561 -46665924
30098198 -34461099
97463742 60518266
-44335727 -21754430
-32026245 22856613
76613207 12732452
46224330 -15596012
-63157670 -57964740
50505537 -4150393
99003012 -88453108
-928501 55302068
76877674 78900530
11830686 -33158925
-24392555 -33301625
-95396190 15568925
-78580637 -63073075
2465827 -73283267
87235000 51517562
-17720506 52445931
27818906 -57100728
-91851914 -97230389
-12826400 4432113
46467373 -93111222
2738385 76532293
88079186 -3027090
4791340 1741396
33158288 -12849316
-93491879 -18330987
-99116250 -55011026
-86925739 -17884433
19042492 -41996077
-15279343 -12990013
-8956089 -78491682
-73529388 -28044344
67371291 73323406
76093017 54289518
-41278370 75519377
82408155 15782979
-7684728 -42294634
-92805362 37662902
-60595703 32910820
-27422134 11985978
-53828647 72562585
-29932079 -20914013
61201554 -52944897
57575390 35658545
-77331468 32760409
-93214911 -57703954
66768065 13712443
39552211 -66744299
87545220 34139355
9658731 15645228
-16055431 -53733151
3972215 44583248
-17753851 76259841
9170660 11166853
-24330807 74166809
46729393 -65735112
13350876 21840546
-78587988 -30686323
-95027779 27068792
-40170800 -68496236
-26200190 -19842884
93869560 -33385710
52386354 -6915763
-72776409 85938133
1583360 39931573
-61285215 89398685
33981932 -61955708
-85695868 95203363
58886579 -31255557
-57088749 75991156
-89743957 -65444229
-91087320 -57842994
11470683 76123282
3192074 -17158945
14344819 68959268
-50883617 -84462364
34668289 88144629
-18771135 -4497695
-18559562 -12945357
-20497422 60968819
50367503 -64459840
-26415548 18217363
13420726 36865797
-94389761 40404948
16396103 -27692696
59379438 1037853
43194859 79168509
55291791 -79191520
3649535 7181905
-23858828 11000227
26537863 -82005647
-93861019 77773918
-26723777 -38793848
-99222843 39884209
53369390 -92766977
-57226817 -19720265
98497099 3736892
-59397312 68873999
9278946 64434187
-10742147 -1270710
-47716495 -21808589
-42640081 -51362710
-30554229 95478365
55176632 -34831928
-71315339 -74388332
-56393978 -68682197
-38391917 55222525
-31054961 2261366
-57854425 87400669
94633692 -30277804
-97481707 95514965
51768220 -10076762
-41202764 -98984609
-82034060 -55112730
96132924 68076182
-1216045 7223793
-91622554 -51583572
-56105208 56143874
-26171691 30339580
55951248 -48412214
35421952 2512970
10251857 99557270
1818636 97030036
84430704 -68286742
53951817 96480574
-55488100 79064396
-31012367 56470111
57485502 96280120
-6316247 80301232
-99106225 75451443
35191598 -10183324
38233104 -322270
8337966 43569044
-26091377 -65355741
-13767955 82166275
37195608 -70140129
-18066497 -78346003
-28799605 -36173
31677086 83752139
80232712 -44368902
-12788144 -14371098
-57900988 -22739025
-26458906 -91284149
89017083 -47899123
-19931318 -80258791
9557885 89910858
42104950 -84739721
58829324 307352
34951611 -49557084
-14874447 -14745691
67630543 -26299982
47870378 -77678840
74801351 -50435954
-14167453 -80929228
-25298129 6478436
-55376300 -33934741
95842597 -85569911
-76854059 39239076
-56143685 -30616310
41641263 -35320614
7106607 23924997
39185276 -48800853
51506499 -50788444
-345528 50530962
-64214729 38974472
-87325510 84780026
-40382452 -44067824
5496222 -86938770
-67867997 -13064739
-54069941 91328770
9910391 59350237
73780326 -9446240
-17690802 5752987
-72346961 -50557371
14122016 26165513
2606872 69294302
-26990188 -78771378
22956541 -5691490
-55160528 -75483690
-83992855 -24872624
12423764 33141106
89073282 -18802002
-5740772 72041312
-41023427 47085867
38414636 26391231
-14258533 4906632
-52023246 841389
-93405625 12038156
61480785 82802315
8967827 -13236223
8574442 -24397200
49347785 -88425302
5883209 81584254
-41383074 -27695674
99948065 -96760957
88896512 -25375929
55822069 12371828
-15586861 77969793
77572022 2597660
-71011110 95906075
53329070 15986657
-30655592 67246721
-20715124 -46177814
-63375499 28455146
-84781077 -59234340
68884824 98108691
-37800248 23793365
57893981 70748971
-4430341 68082961
-76161634 -83489094
43651341 -4482277
-92110450 -87265123
-56778968 51989772
-45412569 44819053
93241490 -79206946
89296074 -16423678
3339405 46570559
-47090892 11156845
-60388010 82624281
-24093697 -10466391
-12357701 7347276
-68859360 -2692511
-31943540 -97641587
70441374 -58449017
-41938110 63626119
-40856158 -53203898
12047342 -45770407
-93780636 19549755
-35631193 55268375
-71422209 -39193204
96899481 -42389703
-43302782 -29609773
81547072 238885
35379528 9606326
-48343703 -78840938
28506338 -36197807
61109683 91814960
94173373 -87836659
-46285676 -70833858
-54691377 -82868891
-36072789 64292577
-81477831 4452465
-75997780 75974554
83759291 -75258466
38064693 40887390
98497687 -87662919
35243671 34964173
-12280580 7711268
-30166044 16790743
37949805 -24384690
39417503 21490254
65821576 18972505
31135846 527185
82209690 59994948
-70357581 -62633467
-98340891 -72481687
84487141 46085994
74576910 -27302358
-2560824 -38994277
-98106887 58336200
-76810357 -11979769
-77015597 -47092838
60618430 58433314
-24775944 63220186
-61164505 -69547614
-95540998 -34309777
84662729 78252998
31296546 70280578
82791888 68314937
-94318531 13506235
41024548 -87565693
58520301 -40143058
85070947 25511689
86517412 33097210
43949772 35026485
-76953285 -59073113
-6165950 -80344223
78089091 -53968882
-38232334 -45547521
37421228 5829510
-75963905 603161
-21143842 41880230
64677170 -38784814
-70469877 -89847297
76175302 47469058
-87580273 -12272045
-99898741 17199849
-4772100 -76543610
56553600 85172206
20198690 34261675
75188562 53019734
72675511 43245405
-58207115 21538974
-71492184 -96719037
9110473 3560551
-43319926 65929044
7809274 85662932
-53121883 35536233
98205299 25002806
-27528137 -23591760
-83347442 74380600
44096812 -15108410
8347980 -83246183
-98073977 -8158926
-21380889 17417942
22954038 74641076
17886481 6324036
-72136991 -4370452
51426875 -87804272
68272643 -43629175
-77700131 -39462653
-1283359 -75047284
-86994689 82625506
7628311 45594759
-77997002 -88789390
-61892428 -67383463
70024490 -8828081
7925737 -65279254
26561821 30888833
823137 62368123
37009198 -94819069
64021330 -76222825
71923086 7412041
19607770 91884340
-51744836 23349960
-63596330 40396775
65349491 23071396
58213264 35120311
-19284931 78354803
-57918225 18357938
50974475 55234431
-53593651 -19810653
14910094 73515327
4404159 54332086
69216571 -6011723
51685571 -94772704
-18479166 6225769
-33845828 15706901
7591240 -46556081
76793880 -61721696
78675079 -91637234
83950526 -86802451
-99165778 44024570
74895735 42163789
-39478274 -18450708
-63216278 -83022491
-2833144 -35987437
-9955747 -16809929
-9961480 -35406688
58581589 94448412
-47807930 -40744910
-82002779 62783523
-21509577 33712904
87156824 36667757
74946061 -61401975
-522846 -83532935
-17819023 53621140
50162072 -16572321
-21892169 -16984801
64564491 25057806
42035315 91145920
7674846 -46135425
89571010 -8281467
-91171792 97719099
92167510 -20390471
91380982 67409797
82709682 -3124057
-69411154 -38105434
98562323 -38799896
52314492 -29737968
-13270903 -73975255
79645885 -48208354
35219325 -78573564
4441636 82324319
59898487 -34156482
-43010562 -30993874
22870702 54450164
-1314940 64664284
62383382 64958074
-2916035 7513268
27439427 -92932747
3943196 -11535054
-97124126 10149109
71349213 87048406
-42689563 -46045441
-20020695 23663705
-72028287 96555898
-82017667 12141552
-5534129 -84292600
-18449081 22423969
-56053542 6880720
-38669116 91056720
55721003 -80666478
84291596 60015944
-32470789 70620747
-69795638 -18624440
-77643132 94968638
57634109 34147559
21195964 -22250894
31703665 28983322
5163389 -68977237
-19904977 -35800668
76340885 85651465
-98641136 50593720
-26982312 23323118
-69796163 35426146
26482865 69480509
88814031 44051084
56583390 34720230
57857339 -74378012
6997548 -23371037
-28402399 88061702
22209260 81870780
-40380115 -18251928
-89268607 -4078414
79460712 91323550
-44477118 68411145
-93421029 12072098
-37334183 -15619871
-92296754 -92062164
95880345 88199868
57680377 -9576554
-65525470 22363210
9599802 99010770
-75367242 -56425718
20203246 -32542859
-44481158 84146669
66017448 -55682791
26065281 -69755536
78682413 -74362668
-30522755 89313038
57724182 -89340514
22731584 77516490
-38103382 -83180484
-75242648 85397401
73597269 22116227
-87460328 -79362304
95517269 83794008
82804777 -469435
43104848 5117071
-74909426 -92562466
91584204 15824456
60141665 -19390584
63370243 -89881987
-64244654 -13793055
-24480018 94569018
-94771497 57748954
35265443 -14239473
2580043 80476451
65873851 -50321577
71794650 79853758
-99508547 91987482
75781489 -63149316
36381250 -51474915
-93841482 -88897372
-28943475 32002460
-52173085 -68750908
64374871 15157091
25275105 -39515058
46691887 27745113
74830493 -86453187
71295767 -77788131
60488759 80058996
60535446 6561209
56239632 -36931199
-57077442 78925660
-76570497 80550644
-82598673 -4069626
44455459 -48272645
-37170017 -93701061
90817762 -96869661
-65620569 33886508
-50956401 -8838961
51645981 -48729336
-68467861 -73164934
-59618121 -1662132
73066100 -93637369
86421628 -88322355
70755217 33554858
-50859979 99473436
-69084543 26994848
60061854 -7937421
-59490685 -45655039
6072316 77463181
83762121 -62518863
-59388524 68902299
55305169 74579882
-34259079 27507271
78777935 -43134870
-16299804 -30096736
68241132 -89689926
-83327295 24082075
88276083 93823594
79894814 -44389305
-44915869 59031299
38542509 -70965166
73613776 -14000412
40344549 -1395638
28583906 -85876909
-48395772 -1066773
20351888 12346026
39442270 44732067
-27760663 -24342943
85038550 -42300447
27602818 3533635
13843709 -31261254
-54662817 48360312
94700269 83032777
-61356528 -13870371
-54839073 74595082
-96370084 46243966
-15240084 -63780201
87340524 77243692
-56116855 -22379172
76554055 15924429
-19213183 48003736
-7264197 -3094057
-74920638 -79770913
30445003 -82508498
21025137 -89882089
-21143343 10564183
-41075505 -65131155
-29582015 76710204
-37160168 6141126
-19263793 9061457
-44694578 60517122
96736921 36882486
66642541 40065338
-82313835 -63406193
52518236 -89474315
58529422 -53243417
43662526 -66694947
6050503 3781587
21273089 -78741750
-68623839 -10988132
99576052 -57701774
29683434 62749182
39459385 11016909
-82841966 -99898582
61679238 -45184421
-84667300 -2105759
-12706910 -30498978
-37917277 -35414016
1179791 -46064370
-35538685 32285251
79041834 6214389
39519442 -24492901
79288686 75220722
96478972 -1913693
87098176 53078138
-52107274 -72144867
90604315 86674227
50207498 77576160
-69806059 82580062
-10087997 67365532
17776135 -55610459
13890564 5244703
-77652951 -94930776
-40995146 75973287
8258537 76043203
-17742408 75982533
4005994 39816734
15037455 -25706604
72379704 35811043
-11110820 11516427
91887923 -88005759
-48815170 36781906
66874428 -64991401
-82411340 -98607673
-78725779 97068369
-58542090 7500663
-34738272 39050356
96635944 -92135164
83838123 -12391222
16168343 8157160
-15860308 44613022
-15570245 98425935
-27280669 -59337951
76473092 99467211
63500000 -2384603
62126001 -34637729
-45339461 55387922
-57087117 -86689170
-32780480 -78465034
-28880302 -39498457
-79481432 -11506259
-19939541 12577608
20442444 38296659
-21578201 -23303598
84853563 56796929
1409950 94590143
93016077 21509617
62171666 -61643932
-9660359 18251770
-84132834 38644757
-43476610 -46160360
-38256076 -69490471
-56179641 11183929
32718896 4656807
-82325288 11039879
-47950018 -96161407
68932564 -9290357
-70993699 32110442
-91193157 41891370
-1311702 7428101
2018243 -53823232
67686386 -47385390
43487041 47550682
-34197548 29858051
21019171 -66173319
40182684 34185981
64695511 77542561
-11273510 -45557030
-88383861 -38967768
-75411526 -26038252
30316704 -70709149
72516857 -23361544
-38734740 -750733
-58859364 -98476842
8951259 22588467
68765235 92345297
-2523731 -36514136
-88963455 36451620
18826034 -59036690
27306354 29355360
-36458659 -60154796
-30095873 -32510962
21932008 -19246786
41785446 -88853021
-14891273 86064511
-84644639 66373920
-56987624 -84574570
14674697 -59611419
-58088261 4277636
-73133898 -91668305
-46806646 -96620640
19381587 -51852300
-62884318 -96814014
-55850704 82934495
12289855 55941716
-51696718 71455650
-8538950 -71652442
9100772 18207410
29354389 -34090579
-48026069 -49113783
-82739863 -85536884
-17595091 19845655
60234236 12788876
-30417126 -50404031
10444027 -97854026
-41958303 48965340
97113040 63637382
66823368 77423284
60357779 -65771279
90170438 -36510974
-12538962 25163996
53511554 -9009918
-90802509 -68561549
-2652128 -37387675
66014905 91068244
-41952278 -98161835
21683820 -64208596
48580280 40452631
90048600 -18081944
36580393 -81836846
67128494 53008990
16646371 -52861547
-75438264 -83242105
-49013384 35986101
-48008511 -62564123
62599873 -6326584
84663499 91968890
-76592660 16111426
-68759887 -53622648
-62554405 20755212
22593377 -50228619
-14437215 -4506683
-64054052 -3206440
-68772022 -13340572
4822582 -21489090
-15963738 67808371
-32536814 24467438
93741696 -46801005
89185096 -7975077
81977163 -55271689
38401728 -6307053
-14338163 44577036
13204824 75581589
-78041060 9069177
-17659248 96961301
-53267319 -40595464
-92585785 -42549509
54244051 84811829
-28528744 -4123474
-73096201 85472029
-94203238 -71189800
-94206000 10940061
64139057 -26740052
-82198767 99535696
-3219630 -94159486
-466538 -47705241
96871795 -12301540
-36719952 -62288339
99297201 62592981
-87929357 -14761012
97159887 -18362048
91604807 11319687
-3868484 -95425898
450628 98365220
-63646389 -79880866
-51070665 27354427
-9189149 -5333264
-79556954 7239698
6775394 -45050093
-39209579 -61755720
43055402 -43927874
43770586 60323883
98035544 39927196
55036539 -92949367
44805984 -50150893
31487059 -80376455
30943232 94482234
99056336 75608228
73973448 -20408890
-289755 52023326
31894116 -37156579
57510157 -98844058
8395640 -77295034
30171236 77953203
-31286155 -32312604
76275885 90961657
51285540 -88230754
-95787196 20046470
27097103 -98162555
-48313448 -88234294
-68610749 24419450
18901683 -64310026
-36185436 62332483
-58076407 70474381
75014069 -9695626
53147795 94150201
-52177495 59424547
-65354125 10657951
41127517 -91265493
28938267 64817111
55778768 -90158639
-25873029 5214151
-74739379 59580670
61418115 -21660225
-9894519 -95125914
29293536 -34378970
53827367 21494732
36343578 -51804782
-28814039 -82358070
7946305 -69216467
-22549904 -53799970
-94375424 -38905901
-75731587 25272601
34007108 -59729548
-94912438 65395930
-72246347 -37054626
68159526 60866330
20446999 1880624
80220400 -54063491
-49189405 34381477
-99997494 22842243
-3146662 80104132
-19184288 53829873
-76011835 -14286722
16496811 52001674
98201704 31934470
-54455068 -53536731
71735870 -96173721
-3386906 -30186655
-12274363 5742977
-78795286 1700657
15083349 15479290
-82640086 89364240
-64699252 -64469652
-77571813 -49903324
-74544719 38627706
18731837 -25052944
-18706709 22308619
-91978104 -47936088
-95934415 5281456
-62784074 77035070
-76501662 -45216349
11126293 35277221
-42393072 95234208
53493548 -92260613
61956407 45332565
13328217 74698262
-83421137 -22960245
65086466 83204494
-14182468 4395974
-56976321 87514653
-37538292 11272814
-66418568 -85728121
-33664209 43754999
1552818 -5880308
-28845239 22917739
77701390 91285107
26562327 47169463
94920033 41344045
49083432 84169255
82018182 48413580
75628204 11039838
-59404044 -4653602
31067255 -55276571
-98364235 -94317579
93197075 -83115214
28157600 -2824192
11447687 8175145
4446507 -85744605
8375087 -69700160
-94266059 -41484313
-50199207 -67953790
79215673 -64048307
77295738 -71120518
-86951264 74135706
75065648 78895533
-10064630 -52416720
95446041 -96789786
-52066357 30531326
88730111 26513295
95914445 -50430591
46745217 -65556453
42618692 24072044
38327439 10709266
93525469 -418439
58097248 -781112
31265099 -48224228
-12272535 -39585597
-10706115 62997134
37132839 17539565
-3564903 54858984
-97557737 64714850
67925064 -61113170
-78065482 97888305
76917962 -84141294
17944478 -36819009
-2375462 72832406
49420813 17206057
-19568315 -7240407
-55142484 40264614
-60516498 26473516
78249288 -44528873
15885530 -76735037
86262097 18493115
-11450957 -94820585
60038399 75911299
40626148 -62499498
28903695 -85002975
-34598308 8551211
76926280 -96645424
-33464433 -57680347
-32331578 -5129242
-87923186 64160106
-43080302 -30394403
-90129790 45024863
-28501622 1777214
57248341 -50646288
-27381325 2264029
-26726494 25650234
30829649 11397135
-12691567 61822549
-48160586 43384410
-89102203 -72065420
36485791 80743109
84097685 -23700511
71135506 13412070
-39200810 -49366748
-85206643 -8679710
60925887 25392368
-29582770 24229418
-21477006 70796097
-79850191 94431971
-3304001 -11712302
-86062069 45284847
-43318019 -77514132
84308417 97283943
93184715 43990414
-75558644 -63852170
-30592698 -95917488
-19617999 -86556491
26855580 -46495014
4138238 4033869
95354159 -59828868
65563500 71447958
-4322625 56280045
27076142 -11502908
-17070937 -73283268
15004430 99742314
97543523 -67858576
-45372708 81458724
78742666 -45774496
-49267720 -8547928
80116265 71927380
-71473746 27690000
41133509 -50476434
55544916 8908256
-87057876 20505451
60676584 -40316847
-16352526 -91703717
-82907310 78756446
-32746462 -68158789
-41442057 44168832
43911145 -97301037
-12643250 73562373
-92462542 41454668
-51803466 41984043
-14047523 86280124
-89276134 51445177
-20864824 18585104
-79374967 -60749880
-99325262 -79731315
40774136 76169949
-11630536 -33866774
26945872 53967082
32723528 72016938
-96141851 44038562
-11792606 -47506572
-44807609 -37583908
-11505172 -15365099
-21394069 95065504
89565909 -3967714
34828773 79318828
83280368 -24481615
-53380148 98069002
-62680879 -37584457
35200591 -32755115
-4068804 -9489777
56643449 28491090
34974534 84300660
-91166040 -16410680
-19855756 20214424
72707852 -87307891
27624564 -79132000
5502902 -19583395
-24517891 -31364246
64668041 -63374805
-31539614 -34951983
93082766 52013176
50082177 -48259247
66672659 -7781020
59463865 -60082340
30427883 54389613
35397065 7911423
-7787918 -12928669
-76822987 -29628402
90586023 1046042
66254514 3321258
24189258 -84189764
-3773158 -6120922
62514832 -17791478
71350081 -75774687
41789693 79699235
31712410 -60189534
-8448781 34872458
-72908563 34310949
74228610 10740240
-34870148 -60928336
46983087 57172855
-3239451 -99473084
23414878 -8288468
-54726064 19937562
-24224818 14000900
29811136 -35955187
57923891 -47519197
87205688 -21445660
55296016 72955085
-94829318 58555768
-49117404 -2914291
-15525471 89399455
23710404 42433815
5690418 64082330
-44329644 50455376
7628230 -76663368
-76136451 -97346557
46881338 -95611222
76842704 47278427
13795689 -55328364
8716449 -47382115
57615051 -3876813
-72806110 19156702
-7888213 44820739
55892869 82489906
-20424386 -2717531
39198286 -93224535
-98274358 -83433494
80648836 -37091311
-34119573 7416060
30752693 -63680809
-8511003 73508658
-69586202 -92867396
-93072607 -9113303
35558334 -92743499
12390750 73239445
21878994 -55725218
63431485 -29994200
-32657099 49072884
31562790 8059634
-42141535 -24247867
-17472402 -36345234
-19778728 97056751
12481803 -15746760
-55814337 13386470
49705662 78362230
-95612751 -72545282
-12896315 -6288979
84597719 -65198952
-5426088 46547441
19786885 20156052
-83052804 -93035339
29486825 -58334122
90738763 80378681
-11561686 -50653912
25098221 74817915
-9010957 46296779
95869893 -92374182
44395422 -76273322
37113148 8351695
39230287 -58902553
21068528 39335172
-66953807 96133900
-69065053 -91827788
54719653 -82356089
90316326 25508859
84989884 -25493463
68688778 -92736479
-59841435 14476708
-83660842 -88056098
-60721821 28596879
27410021 41437380
-98420440 30267223
53993901 75796276
36664333 98491345
-60411209 43623411
-17041417 -24105381
-27971482 -86826319
-78654107 68521139
-61318588 55479828
33505050 76065546
3088445 -18485900
-11222379 18494933
-14511997 24293586
36237488 28936186
10049428 54343524
-4219097 -71967970
58299253 -10024189
-34227914 49876827
-99115467 64809516
60949289 -97563582
30847400 -7010312
6163369 -3575766
-35054628 -44607719
-89127892 27509263
56091171 56143147
-62342754 96893521
67904816 11695979
-64010436 26434868
7887416 5909181
-39747295 -75256586
-47224556 -82063157
7912654 -91450030
-89056841 -88925304
-71599426 -73798898
-71362480 -88172307
4817381 89349864
-14225903 -87998717
-32606436 -89019251
38490012 -96764168
59378979 30782035
27675556 47097546
-41206476 97036226
75987456 -4419629
-45994085 -5216912
19526502 -16125129
54328078 14258620
75324953 72301947
-64106995 14757094
40958197 86268113
98095806 16809943
6159806 -77887921
-65886638 55429549
66410298 -55549735
-52313903 1506926
-67711039 57416673
4514218 -92934924
-43382336 -87519121
60577613 63307742
10607192 -14878518
68996353 -85416473
81358510 -69866307
-45047998 75840793
-9402113 56683463
95467938 43361371
-39828687 -15927554
6184525 -53919895
-98490347 -81152519
-36702254 40297888
-5678824 67919951
77852986 10983844
70565283 79126500
91607379 -17632797
-1808693 -72817054
12304428 -95298646
-80715119 -91201502
-61067808 33817143
62174299 -99356609
-90156784 46400557
-10238073 5288548
89360994 -94688847
-48608742 -97550398
-78702917 -4454482
-11640232 -47099089
-26662776 37111193
-51904964 -64802693
-33159831 -48809790
86073776 -28823319
-1640373 10963911
15665265 -15734917
-6936419 -36819583
-50486078 34950146
88109900 84512136
30912693 -88311780
16976768 -49530522
8296994 -26809018
28156948 58854124
6916005 -87795386
-34894475 -98029607
39081586 -52207865
-17010558 90959113
-5334315 87176622
-41646698 -97654026
13309885 -19260540
-82479095 -90770709
24926071 -71024851
-83558343 10584487
-4903378 -73043644
-61355424 -42932080
7537398 -21474323
-95766978 -91862293
-80491807 -31649245
-19444631 32389970
34360363 26424198
74216334 98177258
89136370 -26558051
13134933 9722138
12068112 36318417
-82942124 -75995402
-14249748 -74622004
6869508 -65421218
97679632 -89323677
-62367321 23311166
-67104552 45292616
-76181707 28793618
89447688 92949209
-38700037 -71948685
-87042353 -91044119
87896442 41855333
40032590 99834373
25792684 62112775
24351276 81685322
70520101 -61072383
15448578 -63580613
14313747 -59905661
-25326879 -98801171
-35608485 -78816746
97010783 24869115
-29838269 54540557
35850538 -17577407
-24628198 -6019976
74547702 77814588
86770469 36671765
31043460 -59978289
-60143917 -72816727
89296048 23592412
57794096 65648768
-42907253 13647323
-97416927 28314196
68408536 72541325
-73743484 69413183
90596437 -4401981
-27016503 -9351968
-2295049 -59876418
22546175 43145228
-10358386 -66444512
-88629924 97917977
87106105 16705678
56727389 -49343093
-22159820 70665927
46774702 -50900166
-85251399 19652591
-14183724 57085160
-14600644 -28158652
-3100965 40915712
10328894 6324254
-45561365 23155552
-33680054 53441694
93565276 27422132
-29432641 64024897
-49903252 68627813
-80937848 -87274665
29431013 13983187
64640094 -93831744
-70649455 -13841599
35258236 -5003363
-85350773 -71358391
85726770 -97476801
26880911 52981866
-6102422 23642488
-70033259 -76220055
99451860 -95773529
57668165 36921739
-35656129 18288168
34829428 -96250198
72377616 87427593
-99847072 84926176
-1090638 91439768
-49875614 29583941
-31741295 16065818
-88937546 31991294
60632904 -43966697
11072865 -21771956
-68790090 46359673
-29997840 -62046225
14250084 77623851
-65633316 52485264
-10592998 66218306
-15493526 92034850
-51698986 -93732765
93694829 -28147736
-43221561 -79321371
-35365241 -53635881
-71535578 -91795837
24269981 14759145
-53249561 -3276873
-94727208 35332436
-33923158 -92616658
-93740623 68862021
-40667842 49803115
27426965 28777900
33779526 73582242
92316911 61793650
-93655139 -76813473
-18029874 29339747
-98807990 -45354125
27840868 -24335046
74545436 -42029551
18690975 92475627
7234772 -96990143
-267015 -57039045
-69190247 -93498427
-33598722 57522140
26384160 -3113404
-793927 -27339345
-46045083 85716319
-88185078 -73366962
88426688 87734443
-36562668 -43351805
85987942 -52712089
1933786 45407458
-26411226 87179952
-2333237 -70225347
-25233357 -51865791
-48855933 -83642263
11835056 82001415
-58980650 -96606586
-86568084 42644809
-7952233 7420628
-67402355 92332440
-69434880 91253841
-82113122 -13447438
-25712996 -57619958
-971762 -41170072
58634202 37724336
-16868206 37532542
24712494 -39432013
42859004 -90763070
-42628860 -25104381
-8746643 -82374354
-47856577 8515207
64424984 -44395225
98249584 -6837227
-46900237 77856900
70189339 -9702649
34067554 -14302592
72249970 -99245542
-4349136 -95529206
15817085 -946664
-63222329 -52804536
84728006 -25548714
87535636 72425828
81662759 61956862
-63147519 30394639
-99463353 -60966102
-99934533 80622201
-63773025 5196433
-49124432 64490451
94863713 -13007079
-70193366 3975331
-57810899 -82430586
-81676128 63874188
-79138656 -33044567
66008769 66491099
-86313438 36678429
-88870286 -44697197
-72271370 -49069069
-87112208 98665351
81576352 -90608612
941649 2256636
35395199 -65370638
39825795 1007116
18013929 -75861464
11131458 90701364
-5323306 65394005
82963419 40938092
57328643 89382159
-43662409 -46196347
-79705248 78189987
67384779 -77653640
-22350837 -66018686
-15087755 -68969145
-70303795 57894156
67285545 50316401
-47426964 -36211080
-1581718 -31772807
-78249328 87968236
-87893229 -61755924
-71054561 92280964
57674968 75754592
16692684 76138497
65520655 40638386
94442040 26537689
57244038 -25625392
49237331 -32746846
1234468 24628816
55659672 -20597144
-62702988 -61336924
88979477 -62127761
1661159 -95417444
25326112 -5931125
-17962890 -47404197
-9160120 99593147
-55609527 46660245
22414836 72301682
-99043460 -97934560
95220190 -8376118
-81838430 -81006443
-6631834 -57821409
9431745 -72078029
52550787 -57394504
22008353 -36817425
1845651 60726821
-48884577 -88178273
-31079354 43341490
-62589635 52776582
-42111252 94246758
-53643733 71963838
18624082 -98755010
73546672 -9253260
45328543 -6444719
85179163 -72980425
-53986868 93065095
-64756315 -44142904
36295430 91897661
-12980480 97191793
-39625632 41362579
2089400 -38455765
-26634038 -85263619
-89405766 53204823
