3885 1581586
700541 1485660
680808 183037
708003 441718
619580 59335
410248 755762
153513 9404
627533 1228178
131872 1301264
736967 896315
652401 429581
699090 755534
140633 154558
168358 896781
344426 309607
879913 958483
273752 1269749
607005 616084
72305 1130659
554681 1014361
116330 128936
995189 83047
154550 431631
770450 1459708
841946 627777
682614 579464
189009 1414609
262090 699411
835825 90357
190125 746859
675421 313468
431710 1486121
166842 25005
420083 493108
386425 1578419
447382 112904
488748 734698
805300 574247
581644 545867
446069 46189
83164 265497
466991 959554
543088 689202
634516 706378
159526 402122
75514 1489660
927381 615685
816823 1027359
578641 333226
849720 835045
244372 174903
984170 1076106
772376 182591
376415 804482
881570 831273
326663 630654
983869 1476322
269609 233982
522733 396139
938572 92049
761468 1122149
549909 242403
554012 122870
299422 1107075
119987 1518782
130420 134987
478946 347175
613829 60391
936762 8411
638043 1568362
845431 444096
815769 975146
274711 1246329
388959 1543047
505853 567899
512405 859141
857967 673911
956168 884987
945395 1099858
93685 291569
437434 1391288
462444 497984
371397 366201
200404 1306920
582867 151800
159193 1524434
835855 949817
773948 1244865
60338 545533
424360 985580
6788 1569974
833510 570726
31781 93231
825788 187632
77970 594741
75260 1578975
176280 1215895
464486 871457
613975 1053746
372186 375121
536038 619039
141490 529994
22691 1546101
998809 911969
111046 128152
165569 662172
876284 1199376
15292 1088977
337812 1417164
917942 1524387
793255 794501
963888 834760
47256 745701
33562 429319
93261 1341700
374423 151959
969829 1432546
517542 986702
947700 1185365
108250 945801
455870 1253325
209282 158608
821952 297977
272920 892273
98356 291439
608248 563872
700415 1085402
893848 1514749
507 872094
441604 777516
882212 1477059
239416 1321500
364641 650120
877262 182186
789660 1353838
403788 295967
808385 193065
610386 315104
353994 1050992
822803 624595
590518 771003
893015 846784
3184 354344
71306 1144614
746975 1142426
130160 587199
361638 1580157
513930 1094469
159236 1053726
71321 1522868
409406 1133193
710776 580106
604529 1312102
880830 545853
237169 1141279
443575 542352
134681 1397607
151322 1225793
156155 897634
174257 435495
768239 1129363
48667 535064
190342 78358
888857 1125457
986492 363294
814824 996753
951637 1303985
130039 1551297
879463 1510761
547391 544562
230851 724704
460670 129702
843906 1204601
536098 1331367
867322 872868
419541 1289260
14769 1518108
281788 587271
63507 600822
554687 185656
647173 1508018
962247 1189155
411461 216375
187677 993471
135856 713122
407555 254696
242385 1353498
764940 1017242
996566 778584
119054 1497159
11390 1262437
15799 800650
39504 176122
747619 252532
500933 247615
185712 469612
704520 349149
779617 133016
789298 274738
923255 1021212
702361 121625
324562 1464377
231736 388857
547386 1180187
906889 395608
124892 1547445
237736 1029144
493491 624250
470979 882982
929306 710762
576119 43522
669072 343335
295679 296246
912969 1268333
932334 641530
42833 597536
199736 1022558
612142 966830
489599 108912
692477 35961
858670 389743
863821 1201256
474410 768327
889996 81259
114772 1430840
466355 1510457
967022 1321226
487879 905725
584115 1058696
380379 1227148
753423 339122
183845 1502073
339661 1033562
900981 1501646
471864 181301
258449 685685
927177 1539425
943290 1338763
512284 1169554
379677 1106027
168938 1250735
350649 1221722
981458 345797
915010 1336399
755726 1448470
114723 871964
751303 1535196
495010 296237
610904 408321
436573 1478478
22151 482455
929652 509497
849994 1508211
867264 1476599
222577 415249
505683 843538
609323 1384770
560176 113465
211210 1339672
189055 902305
803277 1160377
508787 141113
635047 1295273
678245 1449992
432489 963784
361421 1331907
326189 658013
403965 615086
196716 836630
54810 409368
550872 549830
843510 374969
933175 465132
783678 1432413
911574 666850
627671 158326
825565 1255954
818484 708461
172956 1046927
739265 130340
127896 342162
576435 603917
908108 450616
662970 623505
284331 457653
40466 1577817
310975 1014332
28099 399189
320364 859632
904885 431234
333564 41841
979490 1120955
701715 1509278
136090 1306127
811052 824694
996466 442436
976038 45679
909382 1205724
586002 683767
505319 822233
806482 9068
738237 1187595
946111 1189662
877957 1231416
610815 875492
14762 1343022
348100 1290902
619857 943679
824927 1130219
440836 1231905
147652 523098
91276 889015
42904 1449246
524186 103764
89360 1381074
15589 731539
575289 473013
529649 1452234
36513 963023
304225 1479215
223150 531959
108057 1484400
345941 851594
653768 188421
211 1514711
323197 122385
564608 551773
787904 63692
931481 563245
752768 9551
857945 132145
433033 791567
38534 117329
987336 1306525
402990 802970
755076 1337280
126897 1483497
230092 304756
107397 815139
676408 192423
11166 952195
771821 243180
930427 54761
215987 651952
388165 1404746
399100 980737
253463 441285
195694 870600
311165 1163070
916097 57379
990940 1148526
372996 447934
50656 91858
623377 532494
519650 1556006
298362 383814
815739 1349863
139291 1159135
662610 282697
640776 441042
840384 1511282
813235 371299
904711 341048
418545 1239734
708308 1186271
962732 927263
5812 459017
849786 532199
971518 856439
763574 186424
289297 518162
571038 796166
164822 235923
400256 419615
65606 1223493
910909 1244755
113610 1010987
516186 562863
249422 315060
266898 623398
785722 556815
689679 983093
598059 72823
397056 295258
528978 1308537
609800 798813
738916 1362058
472365 1151829
407517 697245
763872 1155294
430002 1470792
895462 220894
398922 1163069
594634 1290919
379080 43459
122423 126425
640215 611943
989038 344657
867916 81916
356906 652721
63073 160289
247871 674257
663893 193479
738429 267295
109206 854636
60883 1229874
693431 969603
115522 372587
917047 963076
257046 1067907
604390 1034929
493631 335360
224272 1032402
515581 1060190
901464 668764
521784 1543462
355542 311411
799229 769812
6240 1500911
607196 1395611
556309 1498387
171004 556494
173478 1533359
858443 476183
513031 49693
419355 960076
44012 1466974
394728 1460045
428357 1014145
393174 1070800
782794 1380112
327060 1240514
200963 397361
674121 924964
180297 504539
838999 439478
498450 1131721
502695 346436
296526 963745
278803 1037035
509329 785121
959680 1136751
127494 439514
337974 626991
264715 992552
402021 593674
162457 1148880
702194 1521293
855368 1301619
86973 1211759
690334 642352
804972 1576330
452325 1375761
377062 4533
701507 1163797
74759 810050
870373 1457091
280526 76532
388845 419118
553715 807370
865999 1129867
733770 931299
201167 1002477
424577 1282093
844981 774369
124902 295914
470225 1292055
240449 337760
270244 631835
187751 882842
273374 1383858
698937 1511795
813299 1096800
657963 613074
114313 1020403
404757 74553
200115 588733
41469 304536
90840 915550
974168 1042272
493947 1537587
987487 253605
61646 47255
403071 1372977
845445 933655
819991 1513414
369682 1095678
811619 1033983
498388 178916
934178 855361
713961 214467
109363 806694
993811 1284597
831708 812822
133229 154965
536823 1037031
454000 650385
107697 397713
268595 610553
363886 105281
617940 1173475
265560 1318828
702802 209284
203305 337150
63110 836693
330241 626211
992768 1471256
723849 582912
106787 1241
587581 521380
394135 1018073
899893 887449
648711 306154
880130 1094649
551059 202817
547696 1189467
427890 275731
672972 1412691
923137 426485
848232 1493492
530110 709598
796020 1353030
650779 1009714
509456 502088
108127 1098921
30283 1477298
221438 1310431
383098 932417
970467 796874
820156 1261844
23594 373962
690524 143229
730162 524986
131230 173399
756122 762868
672247 1253341
190637 933560
809109 1110426
20837 107693
115332 101194
448303 1054394
663928 470574
108493 1400344
88943 1438516
342957 266883
116836 654014
309653 717050
367089 329229
203557 1391856
209463 1232199
994131 587931
762262 1394435
382679 347151
542534 921870
922637 954201
48830 390011
319830 1330107
73382 248940
792487 992128
23633 803188
71421 1534781
18344 938548
980531 1293137
453590 640833
400103 188817
660117 1025376
577465 1505537
95352 65484
26451 179913
363657 1346225
295749 738969
352729 599815
157948 1325372
592956 675046
588433 1574902
85876 1033618
789759 82402
73630 926893
6003 76769
470728 1517638
222975 897863
316690 391166
585926 218065
276933 1403055
49925 172556
594167 260644
85780 50895
510306 127567
889357 747905
194160 1461013
752552 1009399
170346 997869
416957 1303623
828951 1506032
803899 639454
861768 994810
979578 821923
343664 777543
106849 881319
210582 476658
777537 805397
51501 693952
784347 636452
107042 1581391
697771 662825
667843 854129
613939 792275
508985 221131
598516 613586
486559 1243535
670317 6072
945638 1518908
43135 771288
731748 1216815
426249 662709
339460 1435033
779781 1469467
583453 1052950
985470 97471
237829 637242
540751 1242125
649915 1161071
260211 490335
701936 5817
13185 256330
777491 124206
53172 324523
849746 439229
45133 1396672
278992 205523
556526 496483
707870 364313
525763 916508
416784 1218836
14519 237264
710824 502826
592986 804555
742662 660754
519636 503205
228274 166057
665795 644475
249025 60629
761597 351790
847975 1103501
712967 1194593
310814 954808
261769 406686
638501 803993
342708 503631
331466 1065724
742599 1025872
945199 948836
919379 379413
188781 272284
648808 1004713
4539 370704
939170 728602
549919 1346737
868685 280022
540199 285959
41211 1526508
883847 2518
902398 327135
123213 403354
610335 1557891
118682 300212
529671 1456040
688518 1561156
268091 5604
437120 1446622
327055 1000333
264204 1388056
211572 1287351
483342 266433
728367 1370691
210964 188954
907255 1141991
105259 395772
133509 36674
54756 1028443
232205 996756
613129 1325294
786373 1306255
243628 1435214
211647 285270
4066 1360867
638756 574681
321277 471643
598743 87790
479640 576371
860862 639300
129390 231199
785412 1266935
94120 397383
495823 154649
695468 45140
355017 211587
6254 751166
642945 132403
712204 286807
446980 633595
425995 741967
500890 272117
968766 217274
100946 990378
943093 546939
139007 597661
762627 557935
339835 133661
392395 625311
521974 1109695
596388 168266
429161 1389716
534730 1567677
401577 252777
959399 978484
995906 959264
966995 1133339
165368 391167
112779 9700
384165 1182949
260824 468329
161057 63329
996645 1102312
396548 710133
885604 1105577
993252 1436765
828214 598217
633687 1231966
10868 1495566
642581 1477483
400171 1409806
388363 1341466
651633 504955
819276 1350864
852747 571285
336633 109986
759315 1461390
169723 794430
31284 680443
144998 1438291
33847 781497
431581 516969
77013 1266917
741356 692573
616882 380644
574498 801912
55125 172184
900568 209116
32941 1333117
987519 230485
955987 1240759
31960 90982
854545 823925
987611 831231
317009 1428666
835419 747494
303561 1020097
729267 426703
848618 1431811
984804 925016
887261 746439
998902 1370151
38512 1017272
165494 944593
652015 286213
506195 130311
993516 554241
323301 1376087
772541 145396
766591 339640
476223 662499
473107 931191
385360 1080149
193059 1426716
189347 244417
215827 199935
769867 1225626
535345 948170
146900 606459
912535 468806
370202 524946
923267 1458335
989587 1130547
728128 1185905
590182 917259
884379 307111
613079 1341231
878891 719460
559859 53302
748766 498720
766164 63287
858516 17126
728375 35986
377112 678776
127402 315164
706892 263668
741079 475251
894024 337710
393076 121805
9144 648987
633221 196126
82366 75928
251007 1233092
277441 1105702
549557 88529
109126 622805
539854 1341768
884454 169281
394205 643919
176206 748751
583915 1034332
51912 527745
29606 1152835
572009 262347
84438 1427762
438643 1352396
474674 595984
996661 308210
514967 952264
85601 262436
333012 165300
929299 231302
678718 563863
141093 31788
591669 287332
627231 895417
716747 521511
16927 1559799
625077 55863
718090 95951
686439 1462032
459876 564618
710443 23638
919495 1034058
763341 1015291
322636 1055387
716172 1220426
969217 1416211
582038 725964
984163 139037
460311 1267230
381992 1373652
806888 224862
956114 610052
20557 631116
174182 492901
347286 1193043
384458 1298131
123296 658898
315840 1541414
341751 1085789
499340 1746
923114 1340596
969163 1237470
611569 633201
711561 847102
597423 1139513
765288 836138
41526 1029724
352625 373651
911955 1501026
801780 900954
193566 652622
349671 96409
522892 1368100
236202 132675
336690 1381590
922564 325483
236801 280929
281305 664266
877755 86427
436599 1543113
635473 879087
879486 47421
955991 11102
771783 716617
791620 16176
676241 81716
792502 653482
818399 708870
724126 234359
180035 350990
306492 1286103
836969 1485102
27027 1278118
908012 1519853
660194 807702
896310 47591
579201 1317738
5367 742566
40610 1136361
952192 298073
383414 223719
333766 860027
170696 557911
491307 355888
723115 1449133
471987 1136771
322994 422043
89250 177787
943579 646761
287506 211672
858224 636126
932141 288217
992314 1284692
5318 739809
231007 1218517
897856 720556
585942 1417668
790334 1047989
416489 296445
167809 1496401
502037 839307
201913 356333
948749 1130565
207755 108477
321128 960311
528803 378754
711778 1509829
649478 1007407
914802 736446
769718 470813
128656 1513650
792932 544165
448250 1500503
987585 782417
897609 453138
37044 999631
795187 787510
257380 1282347
79175 618635
185318 1152506
476745 1059804
612356 632490
207766 1236922
408965 929533
432979 223939
301079 1075297
395311 48821
792583 544428
193626 668722
741001 803378
451912 752629
523584 1142857
49705 305939
540089 605179
246096 1687
561884 1542212
955877 746050
427713 467949
468775 651425
802561 1103306
48064 254933
496091 70059
714000 1255170
319638 271490
585193 669884
31564 502858
355034 24842
833258 419757
852461 256578
566320 294047
98752 1511172
370451 1319753
818793 847787
218271 1387159
151192 642289
705672 1413267
157174 234447
191685 1200974
6787 1136505
295150 870616
88311 4437
661787 686007
398211 476295
364434 670198
868390 859251
898282 1301276
575308 1218916
538122 503164
583247 284251
198019 1023020
809926 256308
482749 552314
138156 1066579
838272 1019065
185754 682858
253273 1466579
976486 720260
233760 1026713
926454 405316
174423 657980
561651 1389708
794689 1402236
374140 145664
563762 550846
121905 1252830
208175 85007
214526 1157118
415281 728445
881707 1429301
497623 302302
419676 1094296
374228 1528007
698657 1068433
803561 158077
238884 1398596
452657 195423
83390 1503864
486548 1272447
612858 650025
931266 807995
844793 854264
182944 558959
346715 569015
411999 110600
368127 492020
812233 1257441
693219 600194
216667 237698
827151 905547
49689 599483
30913 1521970
899272 657827
298746 1121116
88183 550883
952479 1210673
646365 1131102
191592 1290572
372942 1223286
943883 434571
283080 1315008
727265 475339
616162 1551598
314476 923277
845062 201266
369406 1223764
724011 1279934
946150 324206
547324 65502
9100 1325141
156498 363430
687657 1013955
275202 166132
664873 331559
933907 39633
465786 180409
437115 1041552
861353 1074056
646237 1080112
402456 257966
317453 973124
935103 810679
204883 102984
181097 66338
126147 1308760
420415 1095009
184479 764120
118209 313687
20023 1560456
140526 1358361
391835 760207
203618 1373141
832065 1233209
914928 1541875
757150 9911
2302 431525
121948 738677
148770 693198
818655 1415782
628091 1320284
552766 879567
743796 272251
189279 89636
745979 1302490
161436 269876
195934 397146
9167 75140
414922 1560394
980874 93005
835883 458496
163584 777629
845329 434782
291939 1481057
645064 776378
840316 616067
88098 1496900
354362 77335
679381 286287
726601 773501
269294 855755
828215 125148
957658 802011
897482 790435
711315 237189
218780 719913
132730 25047
418084 624398
700598 160814
488508 316360
853318 567674
651519 180821
270959 1156613
289660 670551
65873 1355545
408402 178644
420647 1526120
833096 921308
590348 814218
783587 1527362
125284 1323734
365210 475644
417433 1201923
268775 1157441
9666 352463
496396 1028482
635160 1134779
320750 131676
670146 816290
889161 881259
143020 1284970
103887 1530102
534177 402386
458322 704601
667560 1310118
458889 1306704
760625 44617
83560 168292
640094 339496
812440 1337830
625967 1528085
545445 650787
973100 1032720
199947 829776
476602 623382
895615 857671
386668 228043
699639 905102
452836 404562
594423 575586
916219 988631
429589 534191
426464 1121743
854900 1318480
381833 756767
749019 881749
492525 588001
301628 823236
160657 1353691
625222 306557
590681 511013
289583 71084
553041 698967
447248 1369483
663532 1314440
158974 585455
127685 1284464
256593 483285
134414 550681
137057 1014412
811535 1294901
556749 1049406
696891 885803
286035 650589
359951 672619
11157 402226
981148 849925
477035 651240
806312 488188
572768 109527
998657 1422898
565945 1252665
353007 853319
713193 678949
966733 374541
520019 168554
252677 736489
598677 1009449
935143 547707
323465 47446
345023 1345735
278428 1442650
668065 1543260
893062 1201658
712448 1261578
976923 981043
713921 1044858
353797 957218
398108 1116624
587052 759283
433590 476494
175810 617712
700188 1184488
668536 292381
175550 744305
479479 409627
842974 1409776
363094 1432666
546072 1093132
534469 549865
238335 1402615
969623 604566
86963 1221721
568238 1492617
423111 655056
882614 1286615
778710 326703
92022 1073085
832909 988594
146932 700492
268910 433844
78086 1280044
900668 419501
655624 362037
213685 1222555
705257 1014308
217835 210055
953329 638023
547353 947903
822571 1227227
676855 258060
859868 1152922
279958 1565135
450814 1134645
228798 1048579
670380 162147
224154 92221
125941 783149
705995 30421
87911 752906
4360 1095779
404401 1025112
500750 1153334
559695 194716
395648 1250881
51270 541023
603800 1392890
560770 822255
895729 1377057
512975 1387273
125679 939003
654937 1365165
448171 448717
507357 271498
595145 440466
590196 150526
904787 248724
854402 299185
868678 1567324
486342 650262
312712 954535
853178 1163971
965099 342335
316619 870830
941882 1090092
18058 20548
45652 1264629
450097 207284
970223 370852
647987 921035
552720 852018
681223 1076115
749131 975750
895746 1231352
466071 1218032
398484 616519
436050 530004
211644 85371
698312 1223822
294679 48837
874208 981550
224106 1179834
502082 1455095
930032 1416630
148006 1214732
70375 94371
332553 556192
190935 314458
319925 2891
732194 911842
985119 884530
564777 540455
931393 1076098
855019 1015425
821035 620719
786250 1450660
978785 1443784
131452 995413
717260 203272
985874 600345
155853 315087
598694 321580
324197 593753
119143 821633
392660 910400
430117 546118
14716 1029082
831649 356429
804017 751091
575813 1241926
352717 1474807
836644 121044
921472 1198599
845071 111403
545930 985605
536699 1548428
887191 445156
222891 590383
441373 1234598
371861 364105
709721 602596
728162 1086893
345925 1345628
186896 883824
762829 272282
291344 615494
673825 383715
963398 851340
128786 891686
266730 441292
155763 713183
409201 324949
455173 1316833
287044 925801
490475 1366039
730576 1533254
493584 1548961
957335 747279
51251 1520575
505802 556688
939642 903819
445976 1307191
957836 637272
725114 326955
250544 578380
794040 863355
795271 525212
481962 1488594
351682 832187
146987 1230302
427909 1471547
75055 1313827
885355 1259223
277353 1480477
209323 839175
267036 448174
613002 356314
278781 177495
671439 1060862
690163 1251096
512089 311388
844639 77770
687442 449721
74154 1097056
611957 1127725
397631 937240
647758 966434
994062 1185160
54130 187693
469717 570834
87271 268182
928767 1498414
482466 1502924
303813 346634
244145 1219050
592237 1349993
510881 1169287
579944 1095589
796179 451234
753796 358023
907940 395523
964352 1325197
173168 1003436
605162 734579
262530 1051513
7101 1256688
844334 742832
82776 982883
692470 1577977
513407 374922
413267 384353
209199 1474431
91574 609785
638820 629754
959590 948326
812238 1368529
93097 50286
939579 1434358
767706 1389742
9913 1283542
652321 311176
896387 1218057
501935 550572
856157 756870
882102 987563
647371 490957
507909 623954
735866 382661
162063 410928
3585 1023309
316355 1038884
21885 1431655
141468 961084
192067 1181583
538906 600329
455760 357461
768047 260595
204232 1314345
364012 1233564
464386 396822
946302 660113
57832 740008
484676 310273
570044 1246357
717437 1173776
284742 809007
422155 537024
443243 758936
300793 982194
989146 995899
386344 1552610
30924 261274
829756 385984
424371 1352924
811895 1103939
956232 987640
33215 94631
212407 195085
356816 307423
680980 1436242
872430 1168214
108043 1150965
788699 671570
890909 350311
735650 1307527
445540 1003533
357664 156677
276382 238722
227971 1568977
413889 890761
622212 1108637
314413 2348
933239 753015
173317 336723
341973 677568
364305 1580328
852721 203874
541690 697986
56336 516715
247261 1257760
345356 1123059
430329 559898
685615 673065
923141 550949
923815 157511
986154 480338
739853 156936
717804 1197968
860089 1300397
479496 698940
261768 454623
932814 1280853
348852 886082
272258 1533939
423453 174101
229876 684144
245021 928512
988179 34002
366914 1391494
393276 1300725
764700 755212
869458 1543705
712699 30995
210347 860791
994733 1423331
774847 766463
49995 1296106
403691 954862
698515 862980
836736 421810
228169 1466161
923478 1372933
726815 117241
436528 181910
339327 720438
417160 514846
241936 720804
157634 1426491
390229 675744
527420 1121883
57823 993979
157812 813854
526278 772487
23014 1309098
753801 443178
895814 129653
926360 604107
487862 179531
247299 1327934
779605 958635
786896 572629
239706 981128
516084 989138
499817 1083924
765320 1531727
291273 600783
845854 1241118
963662 381171
526938 950599
145978 1106177
846423 878283
295411 760221
377434 1466968
458659 932290
740365 339886
760412 718794
951379 511372
588795 1554779
913808 944367
890127 312358
632200 409889
51324 567179
663187 1366469
399240 1121717
1659 95725
503567 1167951
103360 610690
169919 874809
614953 325031
138228 748080
383193 844991
915280 616123
415107 313761
318385 313979
625390 374985
557097 1191327
906262 268029
768345 1474573
139757 163962
275924 1408672
229153 699704
22201 1543832
611171 380316
329656 535017
337048 101261
581439 98815
366521 207076
571163 1341306
33496 32805
143245 817657
614410 700033
432825 231356
341466 1224597
606470 1331112
401457 177738
138989 686938
694587 881787
995824 916387
869660 214791
48231 696001
309713 1463053
443299 300995
159091 238305
6916 1229659
904007 134412
367823 1299178
883205 1513406
71790 841199
34520 383428
222244 312222
593357 477475
99289 167160
38773 376895
626404 1349917
453295 1263504
147842 1528016
820655 1569286
471944 272206
605600 618279
205034 1117393
661723 696147
577078 625828
889855 783931
285949 823076
843479 786304
393054 767218
385775 863009
273833 1351593
136511 746477
365682 870282
91222 312807
869164 612058
621015 102830
924324 836650
852670 1114681
768925 202351
702213 1517580
92023 206040
511221 1023759
65496 925977
402514 892965
824237 220808
983596 84678
729187 142844
514657 149430
226262 298242
608391 868530
34105 1383022
985589 523116
972372 421020
604137 49234
385354 1215870
120001 180103
931119 1015292
371698 1179578
18624 160890
971515 1091569
78850 975483
457282 1302930
107919 1046094
419256 860004
94168 953289
462310 1293328
289755 157000
119404 431502
802507 911346
36125 1201390
62592 465962
665235 1006232
336403 42460
23027 569488
327494 1405318
230590 1515466
982355 294410
730731 646093
176161 1417722
940806 141946
693984 1001878
431303 582841
851012 398684
762216 465450
306949 1495076
357730 1204492
503521 505438
879601 899398
92600 272053
711301 1061386
413521 587049
342788 1515278
629761 960627
518852 1570795
256208 1124575
108952 935019
379123 605121
966633 432296
123664 1260754
916356 1352528
559891 1293138
316504 592389
813400 643264
903334 1075026
615083 107639
842444 1321240
556524 588783
457182 924979
291453 563270
541260 1384865
468394 1355481
14203 1271403
223168 984710
626706 111373
226034 1329997
810147 876815
333497 206581
365688 297232
839105 418096
85599 493713
400007 965776
515494 259116
145976 216852
691869 561075
981412 826835
501441 1506658
399690 1102651
330024 18437
529182 1318585
2392 208345
499789 942543
573843 1147238
455539 11469
12885 417380
241255 273833
265182 1265439
542876 183153
630494 561414
786054 165755
642631 1490264
71841 1486841
733621 942151
692418 1340362
610738 552373
20373 129091
9517 1183049
942018 574430
386150 949310
39241 1542002
208551 1325602
13868 1316475
954459 512550
287111 1572701
278298 318044
423665 925005
356981 188152
581351 680749
483386 876858
186950 819444
44422 865718
223604 918500
760187 748720
153649 254574
595881 807381
61722 211686
506088 759377
827219 289404
665036 174755
78202 1384583
220197 747527
380613 1339799
513723 286814
700483 1104675
784786 227319
123936 1321454
611105 329759
399496 288769
62216 1189990
33980 233615
295090 1068471
495231 5873
203994 1012153
294427 556881
953130 885934
845066 408259
390847 1398018
783207 336386
220344 1535851
934381 1266915
887472 512145
350687 3172
438559 703843
386220 959075
819679 1145422
675222 1348309
32251 366542
432296 227401
9253 378011
137978 1294155
615703 1454298
684764 354511
241425 597437
943821 102528
468011 550370
983249 1353564
969221 1414918
370410 1253251
600469 377229
941257 198253
693179 551981
567618 1193650
303282 47710
994378 1335910
759340 933885
823972 418217
664453 1479444
414294 1116019
493057 192177
883997 85688
752667 45097
832900 1153895
233883 1524540
162370 1346022
992642 184852
803554 571386
236456 237803
443954 694048
403789 643193
401327 1021371
119741 535542
570873 1422367
250385 1251007
690070 1548972
859631 1524179
220859 1224424
474014 220878
883241 486397
806124 40704
58599 794152
665588 523659
517289 1272527
749676 587681
958131 85666
432276 182192
349295 265058
101108 3730
852561 1461271
938036 101330
127637 1426474
149399 210282
959019 341751
951309 284456
847659 1215269
404221 117672
72549 860854
284762 832066
488202 751625
583783 285615
220604 107726
838493 672880
600778 1495678
39120 788760
840148 659900
545023 261125
323876 1244152
348982 612791
834184 251399
641505 181297
574074 261098
104451 933195
148236 1560578
785515 712438
972704 952253
115473 296461
901706 194411
795908 161315
926269 374503
504876 832697
844885 568718
250551 577882
260670 293781
968007 855878
932526 816471
809399 740399
204292 374836
185925 928073
852117 895961
505316 1394583
857087 95670
534479 55160
607456 117491
810331 1329002
198117 1166548
816491 565089
881456 92347
728113 1005241
182925 1372336
786034 1551585
338334 665540
654753 723482
541985 1112545
411503 122756
328468 749173
735272 1313826
570309 665489
977051 173616
632840 314013
744192 3525
618939 501144
390308 672933
144075 750277
675224 18311
330891 1306539
475153 186939
573041 1008846
244552 1430867
486934 1290529
541829 315557
605576 217928
33660 31510
95906 145335
386353 394948
314442 436297
76052 668460
207578 1277225
950127 879763
617483 476673
711355 25634
86606 1506662
650301 902257
832764 1433132
807374 512419
583611 1343853
167802 328742
175358 875770
397774 1173749
761226 1185657
516359 209004
914670 695722
525400 326640
91472 947409
990251 186108
617227 833029
173680 664400
404464 734452
912534 420578
751536 85441
589628 456625
101813 179384
40684 138041
507946 184312
64784 1114951
222583 337593
861190 449028
689903 929972
292202 773507
894818 400482
6680 1068709
16762 1481494
248580 720167
520691 756871
691156 1530497
397371 802294
123724 1000159
70915 539735
292704 1075525
119215 1488682
848031 822567
454980 661397
28104 6556
612161 775814
442608 1235996
635462 468230
51726 1448499
145998 1184779
589799 1312637
494121 766518
971617 551208
78088 1015915
423378 1279042
292450 146673
244214 1008249
106272 110423
302517 608596
317816 559517
222485 1401881
683630 123768
469657 1550320
630730 507961
487665 1270274
854390 1043005
959766 1401635
391121 1301564
272705 525301
59426 651176
650914 1020096
444866 1305876
796244 1161756
20075 1006127
628740 1226810
945732 1114056
300569 358082
516315 1142087
464803 558374
840663 472600
440123 799893
578986 287079
76266 472094
363974 29892
988369 742948
561403 258844
807979 517609
567114 938355
73757 127984
735685 286542
441430 657092
70071 1130451
343481 1366974
61279 70541
249781 1069552
309806 1211102
113346 1097439
606142 256633
407952 233789
571285 24034
909867 6285
68307 1468333
171659 576149
871122 931810
738959 226690
464263 787478
320926 76056
471442 627508
637070 65987
21746 825484
951013 279882
93104 462089
253046 991872
286673 403960
185713 43939
573669 930951
506995 1021009
846127 1194395
277394 681492
440421 1339982
840405 801663
229444 520515
471720 231049
858441 1049301
749957 1194904
511991 161126
728088 97031
798031 1580659
820692 690769
158482 732977
459011 1451304
618334 1095070
374125 1520317
644658 1526576
698059 1562636
700574 256956
538817 869537
732497 388984
663606 964186
635677 126173
987474 770176
147235 780842
785466 259346
729398 684663
546319 221639
128912 413375
136381 538673
971333 20775
211704 944877
194726 1407765
250124 289428
480928 437192
858021 1480884
315828 1298243
804361 993012
451540 169540
131875 750407
540100 87502
60390 1079128
556200 688419
190080 1228496
612036 430815
432355 1338792
869668 973124
748414 727492
586523 356561
992396 1502716
787477 904437
797227 38340
888394 994050
571160 774061
426125 251647
455058 1462804
653078 1572912
784777 150005
122154 989665
894388 510092
334019 292635
866612 600622
3504 1279518
300782 1103754
129915 1073586
173828 1158384
659945 1155449
537047 1327668
88993 1266768
404622 770196
843943 1393443
514045 896255
891477 340312
706297 793067
790028 1463452
780522 1479010
960129 609148
844083 478952
778511 244572
586362 981850
954393 1336141
342167 443147
247595 794064
679027 826749
503770 58205
400759 1036353
459679 1287051
361084 293523
729975 435974
881137 104306
700767 1428440
676751 802479
341496 809914
657231 1383359
182049 11102
61134 1411336
520133 691103
267130 24492
315217 1082405
137017 1003105
546157 1176738
199402 49363
485282 1119031
873342 927978
144217 468168
767962 601397
932489 1344152
538583 1081162
481897 1413858
426693 355517
439405 1015391
833089 1500754
407477 1078443
243615 338627
79079 794899
574383 758563
951109 528155
663773 806
334269 189504
167998 659297
291593 689620
872525 1282833
413374 1082981
530768 63357
639623 1014176
591918 1068764
961637 1224419
71267 883027
557929 1551869
124510 29089
728215 1291937
294945 193926
472675 634270
148417 614243
495831 1433654
834485 520138
285076 1262785
44207 32565
150819 1313932
110071 718124
532433 1135073
385820 1504641
159699 1503371
895886 1499180
804671 446147
870985 1277529
719286 1044473
244912 705141
640997 394738
31607 269763
742446 1321476
956954 1098631
89451 1011284
242323 495407
92486 265809
30710 528843
87085 147385
635339 597201
389966 1568117
997113 581516
67970 1081756
243873 1209453
66729 477465
495567 1572218
914816 380944
877257 1429147
909616 1050294
201135 1433646
868074 805940
239335 572453
828553 599690
101830 1201184
719276 281746
711476 1436522
784744 1351871
820229 1321233
93037 1334189
156320 745517
585588 1282106
900195 140964
211762 1306682
674017 822575
644364 1244855
636795 294073
351311 60794
505701 269511
178876 696373
644556 446250
861049 416045
523743 285088
580972 1357916
14857 77063
440775 1283972
350125 689420
855765 597421
559470 104647
60473 1129046
221607 1408044
141340 640549
249978 1571663
767233 1297194
221568 90378
879559 458834
360610 738932
738507 1458091
902751 99900
261027 87446
509837 112187
121486 38235
244515 1394602
142984 360542
77479 958170
553821 1465163
424645 700315
673837 1215296
736865 1535606
463003 1260117
419880 381577
857260 1201303
83167 1322381
697545 873080
947947 1040781
419875 327797
660371 1060495
350448 683126
551313 1001686
225221 1411452
696888 951668
444228 201590
23257 547706
828857 1381067
591837 1386482
234906 856261
634419 1196961
824909 345673
204282 282337
736206 1088589
481023 1217970
126362 1514778
730144 200830
562631 609082
970241 388538
942951 929617
599596 462528
821363 449295
537947 1276645
899326 240511
974781 36925
657851 306705
742747 611441
359487 1210334
5212 909822
615607 945448
284476 862275
660332 281776
735129 223511
812426 32866
43516 368497
405200 680807
658907 822242
298668 569810
425836 417569
842987 637533
848575 945784
526166 727072
499949 945447
571052 869415
497696 111848
24098 1440166
444977 150609
313141 1075919
940094 69906
401826 24861
913647 489680
659425 1579566
66291 874461
285757 867914
672436 106663
892742 785215
145932 1488376
145034 1338224
337264 1216938
183744 164611
902742 1479607
133482 1031461
924974 473684
44175 1353168
604892 52991
365028 1292131
285730 812248
607442 893284
982543 586452
360498 745984
54645 723750
692339 784254
704851 500592
362808 521468
69808 1477082
393424 193283
787095 709267
836619 772565
6231 168950
93487 1075373
359497 650728
646012 113444
999318 1114720
997246 606791
695707 1496478
669542 1432979
643686 341081
950926 1579320
231956 1486676
423353 1287755
892987 1205279
790664 214381
376385 1124194
908501 864744
540778 259645
510089 863917
493205 1454587
545500 1101902
958608 712642
507085 1417445
933192 518574
404664 1576314
571210 633037
474469 429880
702026 821803
621279 958991
230949 35499
791446 1398734
71927 1199010
989948 220082
250989 1040421
29331 1097580
688839 789913
753066 629694
150279 1365281
818112 858640
469480 773084
209402 1472062
611069 1155969
876557 982940
581691 456402
424458 841679
942481 572409
936324 1000425
464905 69271
143463 377040
459011 1343199
976437 1371945
780327 821068
828000 1092772
22355 1505885
530426 1217169
901590 1533332
565226 832055
940049 1427998
342104 1503898
455969 1214033
367081 143547
531520 461511
929207 394687
746028 1403172
228668 989306
278166 974898
385591 1065142
967309 1509856
505448 1129280
892405 1256291
514201 860089
292052 290920
823004 1044304
37560 964246
270190 1060425
964371 769300
924680 801546
457026 1386636
8665 800284
959259 1006651
440795 140252
475139 26361
812268 924481
589031 200133
464814 117338
869940 1547177
791780 1393014
574791 436817
910442 1014121
296241 550900
654933 726307
850605 735624
272853 8116
949850 491332
543387 787588
551553 55096
662884 626499
359621 861786
985490 346226
825571 1061847
946437 1557035
945668 789822
890205 322641
352999 1262887
165512 1356254
530333 558274
426203 280953
916408 1067521
721270 873263
496924 136161
291717 513942
281540 45797
75168 582852
462455 148527
622515 1008193
27312 431333
16239 1276504
823520 1080657
9789 1176347
223440 393012
858461 1304297
28449 180542
651060 1283875
500070 913010
811113 264022
669689 1275095
45469 1550567
573780 646957
625093 957026
213997 829743
356963 1354689
849262 1367274
730638 1520923
279643 105857
365651 666995
948431 795251
289558 178707
25126 703507
921734 1262548
829299 1076827
38539 1394240
868378 1343225
966567 819780
237347 953746
511096 552911
871970 888991
209002 501670
241259 104173
394012 579716
196418 285243
56687 1019038
16476 364968
638078 784839
803214 117433
83147 1413543
841713 1031062
647850 1003288
722045 46524
668599 550129
238779 1056979
410734 240864
47752 1429052
348331 77755
75726 1493680
842614 781948
534707 632733
449694 6383
761897 145696
109135 794727
680286 295714
230325 806221
830318 581434
748439 1158168
8942 1089682
28105 666920
113083 1539889
391172 929458
91276 378870
482547 377686
998195 393236
471848 798439
257165 1379031
600435 1062362
42016 324595
100522 1136689
934553 1212325
277002 985776
725371 899385
349936 1460409
958830 999207
531089 972554
333229 492218
749098 1383556
661762 366331
107858 200744
73156 67842
225561 1134367
533950 842696
865732 428707
568267 890644
330970 826291
329802 965411
300393 1353834
149764 1102977
822189 1000829
61072 1127231
696856 206659
275536 1332501
335157 1219089
193949 498423
629957 225644
55422 1457708
597424 741691
197863 393566
681689 614661
462112 192899
785299 1154424
653333 399985
363437 170072
768724 1508160
944392 441971
55253 601389
740447 1091666
603552 1277537
817141 1089827
67672 1187694
64604 1070777
818965 1404034
228817 511187
157885 439971
299307 849055
472218 23906
411909 829872
719353 387257
444998 345265
477322 1209536
350574 1367634
546989 784698
412418 581641
199327 645574
948040 1295301
193007 754185
906444 44051
707373 54066
545150 1412924
594820 409637
1605 475739
961766 140977
192587 1167573
705209 1344246
201897 1152203
59678 67320
264160 1201532
159842 854656
757205 371359
422487 911747
142519 170324
234238 1489844
143817 971116
733277 1079750
839571 1386778
566126 521538
911484 961623
771039 315093
241712 229441
774359 1409279
207833 1049946
996078 1048446
957053 1367310
664920 1181617
31439 550297
935853 862435
219252 1216401
771974 1555274
144404 81848
84737 447076
349697 1581518
341500 478109
211457 979961
397955 547856
621488 1181093
929480 1319597
39052 890840
817663 47897
597828 146664
226712 1453925
602693 1090124
352279 456274
365358 854298
217715 369562
145854 522093
526438 1133323
986017 1134084
789434 212131
529530 1133186
683346 470412
392404 174227
13041 110697
54734 33571
460262 470183
345989 736941
830882 1497474
365889 115987
803328 9110
307412 1422402
273710 634982
356197 234003
981518 1505211
700787 216563
56038 318958
474691 1205880
414037 810993
384912 1307931
847605 1173727
774131 429117
124909 560429
994840 714984
617856 140088
655302 1468756
124678 529808
474929 838009
448681 711173
714886 80061
689690 1168650
717501 1080692
678692 685065
517814 1315670
91990 1123786
519804 1146301
375073 1112068
763812 1088388
446757 1470027
972122 1187505
152083 91449
2148 798005
106487 1112800
191498 514598
824553 165131
985365 1187323
354759 1511562
776320 278495
927760 430108
126177 529511
713209 1364731
475695 998372
972617 708335
104613 24816
30861 1037098
516690 1555723
220509 705409
976054 478355
28616 1446848
398514 1099287
590286 626304
367409 92726
119447 430146
494845 1481459
470565 693938
99659 1452839
299704 1454028
304758 100849
847562 103350
240749 216245
2457 1337984
577716 1307686
825330 1272661
582664 1318707
237672 546240
223465 1478454
914111 580125
289352 457376
767306 981093
113467 909216
921568 1096770
454347 570527
304829 378645
42646 588681
168475 797038
547164 971275
589888 1305445
426599 53935
195000 250662
301867 862995
23144 1247743
776979 387857
148908 1059594
3515 295244
366877 241173
186787 862685
330105 1023620
58770 1345847
400237 522999
303674 1233091
417513 1468005
772345 1222305
8420 358847
455322 916936
757262 105989
152441 1406408
798870 1578485
750362 638705
995748 406744
896694 554286
870856 1177100
683771 714412
724613 1268594
352244 749950
360306 1141753
726264 878876
539458 1334373
817923 948588
246607 834527
267647 1031280
63135 1412700
816976 1022799
865857 417612
842485 1194644
321213 52558
256931 1472271
339010 312867
425732 267203
199592 122462
737527 1140300
466597 457300
370420 1020940
995101 1267322
586635 631858
10641 20712
278279 189331
307072 1557931
452130 1571563
695296 330740
550884 1528451
66497 390656
241280 341508
264867 1062924
501832 1013536
961339 664556
57059 1488294
219499 1319977
983044 1331940
648523 664421
489010 564668
456663 1084041
732937 847097
895247 1004822
453013 182895
28737 750246
123401 447412
844414 587587
17090 572977
548044 126184
606441 293003
274630 887314
486372 641148
123681 166050
225079 670109
71797 1393992
431366 244156
514080 717329
324896 685385
898425 656878
32571 204678
814508 36731
538745 5132
553356 169563
800904 1313520
591107 893173
159836 125178
103547 844926
876216 1444883
631973 1467966
999431 570000
848085 806875
748579 905370
144154 633961
804194 703460
367734 226280
2442 155069
25440 598921
357513 1507606
613372 1048447
712897 102922
82111 613310
102917 1179212
35290 1304564
929237 1507904
596777 924746
887383 1199867
908518 349166
807026 402791
225787 1153098
127953 1312657
480687 1053082
292112 681081
187932 666618
601272 1459178
808039 885333
38484 1113790
703251 518751
108510 413985
120532 1102756
438506 161224
999116 1146759
162170 906090
994552 613294
476657 1207603
613117 1453824
330209 602875
735003 1134952
599929 34428
271943 929749
756941 973741
548072 202671
519186 770831
936825 256053
22566 1843
698145 1525116
291016 533277
819662 1524156
604893 1314765
455083 205354
550903 1360947
202510 608008
678355 41604
503431 394744
893150 1001635
512187 298190
404410 286541
445515 1209873
827933 260975
67642 970739
956046 281840
827921 425884
979397 733110
216598 21730
978147 1544596
698542 445763
256232 614814
410161 434745
871267 563976
245572 1042587
721668 882534
447210 377813
334369 570190
566024 1265138
307766 510717
529150 1404121
915802 297112
543577 956506
37356 1237151
995840 535202
948206 1515458
60903 1252669
628136 1383567
171726 1515241
417358 935316
296521 349980
691408 1045571
297806 754171
669158 82724
220780 1485618
13846 1402152
273439 424689
139703 595264
341198 1458037
93540 1398124
225263 489681
64121 741450
278886 299094
273580 266590
708009 1219526
384261 1519129
862666 476862
264612 1335990
134147 1327427
540652 397307
943396 740706
621206 1578304
497 645688
66552 313836
970669 1463088
195082 1554070
234541 190922
514801 531944
467810 296056
996741 1343042
512021 1039132
180347 232053
5724 992252
51508 1475578
927783 443862
527499 1008244
663009 819310
604364 117209
942316 325495
521550 715689
347358 871557
141620 1198457
8536 440798
128028 591186
477503 1567627
652163 1291128
54825 51639
880560 1269719
826523 548330
716770 510536
556931 493703
141834 905312
909324 1252293
916147 1506563
933464 182118
797328 823476
187030 367531
379071 844705
628070 1519579
188262 894016
664569 206944
611447 1259346
221988 855291
779941 341166
973129 1149882
319166 1124366
773681 1099033
782701 413704
723548 509305
567348 1386219
652894 18039
937832 473649
852677 107147
551840 232592
856703 211350
619021 279313
613228 148577
757016 1297155
755177 1524829
916429 1136042
66369 1528715
258364 193816
212945 165605
39405 854594
256263 1566479
593503 94884
4130 15888
265431 698640
880939 925578
370255 478314
590074 786391
775264 283774
736094 1334977
71219 977529
585586 676356
219575 1099897
739593 249498
8354 398200
551705 939925
405381 1400151
687214 330433
233475 1237888
562921 792120
580853 1089635
316174 324866
214204 1273038
456735 1364267
142251 774777
554449 594846
684098 814289
717468 1012842
824691 313100
414313 665006
925948 405995
429859 692645
290336 1568441
846564 448146
841119 408092
22714 618376
369695 104930
889431 212641
277837 783051
606069 391885
538992 1112977
633555 146960
816903 986485
643112 1298558
324433 1150694
507342 739436
539793 715461
98061 509800
570623 1493852
353937 965750
870459 1236904
350065 546636
748240 1566060
856756 487047
618363 754596
962514 743764
139693 904354
413147 1251944
979794 1089218
630893 27250
630034 1350892
70958 943566
591785 1237460
516305 535914
146345 1450003
606852 508775
279594 542896
773309 214400
229114 233099
570260 23446
125591 619070
37534 622513
161544 696626
254583 251090
23289 1261785
961915 1172721
540060 83718
339499 864690
234594 716618
326954 1509595
758747 49234
914093 418908
407073 220746
582524 158191
350168 63307
516366 480231
718259 1258985
257394 624213
4578 124167
21139 1198560
913802 1463781
197540 1455735
48629 52947
618408 635923
425545 867996
180511 83151
395518 39408
222631 237912
814708 174059
471481 1334277
990641 887878
156986 1229880
58097 374358
588702 288133
959058 1457948
123244 613028
625597 1315079
843071 654888
890526 1536155
990150 1176282
923190 583294
500361 468346
297967 800184
154002 1192994
560850 141053
793902 1521746
646031 1488744
260389 632899
397969 481239
315857 1090178
491634 1446416
229884 736436
792587 918936
824158 5040
50783 1410686
515534 424621
17670 1479446
325383 73788
287941 637917
461015 710978
621217 941018
916632 846592
722154 859870
487726 168384
58814 1439214
477147 427262
759034 108735
700380 1212504
812687 12128
751084 319587
371547 1127417
870144 873901
315214 675866
737556 451873
191262 1253163
968296 821304
453485 852681
79726 499463
94651 604492
812111 200625
403737 654962
220262 184575
28990 1140418
747093 209779
961529 1343174
737848 32466
281144 312265
238642 952974
836222 892748
199512 1030466
207471 24803
839961 215611
569086 976772
869297 1318586
36193 111474
333551 461796
487016 1185791
635402 568824
990804 1082142
357681 935860
880670 346660
318110 771427
736224 913385
274522 685747
565652 276213
599927 1099009
674544 714949
950430 1488638
392277 758247
940068 419950
17485 201955
901101 674848
343781 256669
20506 1171060
918996 750826
835971 911092
506418 222213
994181 795102
743534 243745
331437 88697
291791 654168
598660 1131112
887603 1230878
242666 207803
401518 992353
257404 315951
972702 238051
439855 39160
695006 1273162
200121 562082
387601 464107
962721 578579
706522 612799
169363 550469
258307 311636
275593 415194
432163 865564
32783 1063472
972396 1313021
148699 1542673
974533 937719
825619 956788
564606 306529
780068 399041
274888 934721
422667 750645
532631 1472989
72859 1123839
858639 160011
205560 399437
259372 1352166
667043 476142
388107 1089488
560354 1461137
491625 267994
767118 583403
631506 737954
929744 1110035
890913 1574831
488425 81279
722703 1198751
344641 1365485
812829 1199840
10838 633047
692423 1310598
788413 870189
730252 265527
676032 445873
671631 343050
511563 1214630
461790 786340
662117 545308
904120 795329
805758 25882
818022 311385
477185 445092
237977 1559363
312410 1328841
272027 1446867
238624 1576159
572347 141337
916243 985608
515194 1249784
937307 800571
345012 485457
899136 932429
760252 1270339
416447 253196
153111 1551492
975756 1208
65442 696376
544560 519978
307468 985430
870574 580321
212919 1267812
543942 755142
685289 168207
87862 544565
85163 629337
420011 157790
506740 507302
786030 1115142
396749 986368
447715 990274
457384 686107
553694 276256
909113 476475
342594 785188
987926 102158
312425 1351307
871420 668955
502461 1507670
349254 1304305
273543 983705
648194 544336
413645 195401
45402 960266
938277 286384
918502 135986
508360 360013
842164 35387
415061 933127
709362 161054
559 1012458
3524 540930
930836 361733
202052 345734
948004 775598
56322 1068604
18425 730646
947802 47764
892153 121684
148095 1275281
951704 101629
249123 723418
475184 961911
71171 1408048
875265 1580804
680601 1070459
994172 560865
221509 522407
591772 1239685
391006 1210412
7569 1246731
794024 1231692
184547 1038922
490767 50389
767731 1016037
939831 607365
738161 1155348
212200 307859
312942 818140
136292 1469402
63902 121834
96732 557586
50072 988075
499431 333848
258151 986825
214321 428703
370468 1280382
808065 1357898
782872 1358262
148064 937015
454043 1152368
786387 638930
309550 1293575
438251 300494
798308 1081107
327048 76040
424137 1456723
436634 924331
258370 752311
632403 858218
859204 259544
782239 809518
371419 94281
301036 1316335
405485 722669
221244 973807
86048 634556
568082 58273
38920 1288077
18087 1496952
97225 1167355
215788 1029230
285264 1245310
511922 1254537
137540 358705
576505 883722
507399 856782
259118 886727
981750 1317762
65812 1132158
558308 21792
763113 1062433
843741 1175808
39952 351725
370230 518165
236239 88309
435876 1188915
505168 185118
137150 218066
781124 1578811
677764 1009516
787785 233712
232723 31293
96684 1235772
639759 780608
601705 846591
482253 349415
842422 497440
728716 486836
725006 825933
456763 1426393
82751 147626
445974 1070473
613778 614912
637710 811091
857812 904001
268881 841916
533340 833870
725202 986705
716074 1260955
308869 313092
563026 1298264
715299 1163535
149818 606141
804172 1373420
575663 1383923
868771 1385008
153572 1290641
795387 592846
897866 890985
711306 284936
781273 371510
950329 79666
998140 728612
460986 732128
40490 290789
581046 1554218
593679 436279
41666 531723
773062 1515090
651023 1513187
106770 890616
39841 1267389
834536 919056
576746 1233777
301026 411137
37134 1062133
784588 1374117
913262 1026719
662992 1246861
529643 1549402
660453 1532619
856052 583809
923385 1386753
30331 468425
743553 477780
561522 1056097
201145 445186
659719 696620
469292 1330686
317136 941529
40867 906215
852615 1563162
858084 602567
124533 258581
656476 1495693
257260 844184
281216 476982
603763 872731
11027 1272076
901045 330959
831797 469733
637604 265218
96631 857507
617676 1317853
566491 39200
852591 1387121
805432 1410009
465515 682853
503785 1415683
700942 1008970
276927 1477968
26244 233623
587863 117972
762741 965652
296802 1176061
386171 286869
159055 1412218
194242 17818
353800 242477
854311 333437
263079 431878
560351 265785
928457 546361
248377 1001429
648616 618624
625205 748940
423870 1320658
35 1198508
797805 1127608
126972 1557229
459264 917876
739555 1406568
53268 1124738
906706 475338
745712 1488609
360061 687584
984268 1568025
110005 1219481
462627 630559
377670 1533535
824051 106829
553136 182600
170674 1032284
776004 13083
348649 1002374
579436 28941
932469 561376
975285 125864
252786 6862
909154 200295
159358 138529
556343 562924
705976 569800
89054 1278045
24728 1460421
796197 867953
985948 969576
129401 451842
935206 1470353
641451 998578
324731 763789
124470 578638
56227 230275
759286 158245
498097 34256
856565 461159
970357 285110
833783 918031
79254 573734
361286 783820
905910 573037
985462 748370
539518 159432
81182 691438
52970 393689
274929 1559618
459869 484782
667602 1211195
531857 1571310
374163 1262331
644381 766671
720110 817043
159986 204679
807421 945383
509432 1388257
375923 1541120
358892 527942
339903 650872
508949 946809
373131 1355850
660068 489432
972321 1226528
596514 619104
185087 107682
583160 1264268
674674 1253086
306328 240469
358629 539825
465027 1262309
738255 262253
367459 361377
422504 177239
508264 1549970
141110 305244
216193 1209113
611834 984242
711355 141942
28900 1091171
740428 524012
436237 408566
289587 25972
583832 1276324
22045 1188887
94931 1331866
141213 448323
494233 977282
463714 854599
267724 117430
711845 1021324
505542 466727
472128 812320
320649 1075947
734233 1118845
491350 443860
596238 823077
830952 578103
71200 932490
514442 154181
873594 817542
613019 448093
442558 537272
39828 804117
540339 1308447
394600 943405
749087 72773
696572 435727
566572 8067
921049 567907
883120 1135898
291816 226874
889040 282605
881533 265129
53901 1387956
86187 793578
521698 944049
458652 928469
839160 1395597
386878 330298
838734 1382686
664384 1219475
714322 1412387
841739 1379244
378176 313843
98048 4471
691536 105883
773356 865822
28982 1346460
57167 642276
567213 588953
526729 1125573
875262 134631
569517 471428
516563 623455
126622 419932
770575 803981
975821 918705
151960 441576
282140 1093927
96697 1392065
824134 1243851
286402 368434
401511 614989
768728 387590
914618 324829
634734 460364
941202 276790
459429 651411
740767 1163915
499816 588636
847640 738112
174744 370220
787989 1066090
157370 1101732
889542 295766
483019 1025660
75001 1448851
343867 796256
601155 255954
451540 778210
481238 1199080
989821 1069877
596267 872261
965861 1262780
941593 453259
237124 766989
768770 390998
129043 305294
254923 677557
659590 1074210
573181 1357928
890843 1241492
944732 640929
124692 746139
863655 368560
94362 206218
662504 220030
283682 190476
566135 144349
628507 1546879
747923 451637
813310 517531
793850 908182
106154 1338414
261467 1268542
709587 1287614
941055 388013
482828 1308769
835138 1403680
948024 344237
700102 726224
43683 486847
675622 555102
137728 456956
93258 1169271
782187 25610
664568 193222
390576 1192095
570552 404657
507188 1415695
778824 508513
666665 1446635
817203 797795
122016 654020
273363 375692
867483 1120681
661479 587404
368773 776721
271233 1323543
95209 880648
305438 694618
722022 1260687
505595 177951
428422 1027937
125677 238531
424517 984359
668735 712321
140731 372121
273377 751778
687333 858556
881841 1063091
552906 1268078
498684 1043871
396771 1521553
944530 425442
650758 425607
402078 145285
736324 1046593
1727 1286042
983818 1215983
133057 393681
548255 1310308
532219 506856
320433 73223
500787 165677
868685 1424795
595284 368123
925945 1297674
343268 1574498
380235 926374
331046 476668
54116 577106
920122 495381
157147 1565467
471535 1155334
565603 763102
582002 1167452
439087 112123
319194 902806
919814 79907
799987 1427264
718958 715662
210087 1034401
5590 664486
321 397943
873856 484358
416816 710087
97193 535255
234762 142269
775137 443997
911655 1067832
343591 1575171
970947 117336
124227 1056557
574899 911332
626471 817176
348889 1059578
286508 9502
23034 693139
145033 578397
677920 993400
871072 1004384
463211 852771
464376 55921
222603 1407608
436971 1021196
612954 435569
660616 276104
595942 159180
390392 611738
345233 1197677
62078 556074
394994 418857
253096 1498199
640681 1549703
957732 1241770
933368 286316
962391 1393556
829772 932760
127253 862680
698981 988086
219335 381187
377488 355762
895833 705112
181144 1028644
176974 314006
335790 202870
220497 48955
103987 164209
181513 462276
904423 770715
612322 1093840
751 1097166
267071 1234810
517829 1393978
399248 245813
474898 1438471
45094 952686
531235 633123
858518 1037727
259854 431754
755106 1035053
307245 950365
842777 1566490
481897 1359713
188601 1246897
679885 1189917
256813 644565
891986 1013793
27509 192529
434558 1433971
659327 355216
78041 104035
794543 542195
161699 422805
838005 817337
721255 388760
17195 527876
85063 83364
472434 1182251
916964 1580237
502333 720471
494661 955546
310186 932757
315732 391376
829164 1524076
797153 292181
692447 573309
192911 334159
517172 1133371
656401 1423977
776160 29936
464637 1260204
922507 298828
686029 1380729
665713 243750
572326 1367334
232543 25053
443542 1367948
969984 1129044
396774 811649
542265 1041777
287637 97792
101823 1500043
721699 1459141
351507 1188914
490521 459642
272107 261235
953724 815353
53911 520519
622256 769694
275447 1342707
920371 767182
777919 25287
83421 1054122
639536 1351560
63401 1264558
706823 116566
932862 1465529
380640 522853
460342 1396989
65364 1373168
892516 697862
455074 413302
564786 1233158
518695 1166402
261310 736781
381622 1286846
334834 1333975
61944 1096199
940146 1195016
414799 1400834
399631 1026756
387287 968890
962970 280975
19757 982336
16423 350476
890525 371420
938941 175567
787882 1290105
370934 757234
690766 248402
133421 841136
330276 144944
780984 1575933
402860 438727
93698 1146007
241027 795903
455632 503927
374877 230429
428942 93361
358264 1191417
479752 1335514
387006 530867
110739 1076110
438769 1338217
997815 152998
630267 784464
234625 578973
115841 316210
352761 899102
253089 801375
852711 1323050
488842 1364839
155131 509036
243294 68984
774702 265138
545787 395066
883050 1551789
189496 258699
140383 1165316
991811 646902
790502 640641
785784 1041000
615323 779186
557086 831626
936676 1150839
963597 1490644
336992 687384
614079 176386
832508 326270
76193 837509
491634 544463
378014 920611
103827 887059
884822 909811
228477 233332
898758 517654
531413 1406492
560455 1132279
102517 372970
147522 49626
960417 1364152
344930 1454804
563556 1542718
789529 394922
332732 915253
35975 1188947
36756 232251
715399 1013074
14201 745974
384791 318650
993204 626565
778006 891971
484441 1433650
187703 94254
972352 1445261
658853 787535
446342 412702
746528 426330
995493 1020495
955015 971374
950833 1402515
185293 852570
921329 145400
644521 1172488
17263 1245635
694557 599232
829212 1366134
51434 1362362
327374 662418
449665 792064
607064 329049
