988 96400
50486 69391
679306 23368
912814 18223
481374 50133
957271 32219
416700 76931
359757 28631
328631 60670
564987 3479
935538 10510
491538 70717
243089 8867
333743 63542
741324 8761
396413 46588
663979 49083
406450 11650
259472 49236
600968 47616
130234 95197
226128 15838
752421 15285
501907 74636
405315 45851
525161 63293
175609 93652
163271 33050
11792 85050
913362 85413
685153 70267
734549 92926
789376 93483
725118 18151
9318 57199
338748 68438
917027 68351
202835 73627
699814 70647
750498 5093
287986 71880
962332 95610
325059 28746
431347 17154
655318 51602
639021 72260
687186 80070
205952 86721
63623 96113
74463 46222
806211 16140
212490 54810
10788 44437
392684 90877
152769 25802
332081 57933
967894 87106
453404 89564
969069 12152
662506 75150
745810 54787
481208 31126
707798 42547
942259 57512
167285 68221
360712 41073
462635 63895
696731 14354
21230 69822
700375 49766
781650 27550
163808 19656
359571 10343
558847 76011
18312 61440
469378 28152
39229 47673
229819 19337
670448 41778
34798 55229
221502 6932
811226 20710
1415 18536
673909 5509
146426 63044
229345 29484
923091 8476
677618 69904
43066 3861
127652 60464
974167 46178
858202 27029
63966 12547
793125 29573
292801 45965
88497 87074
256135 7454
231141 46474
956734 84749
796544 56250
279333 49160
31235 83889
451744 57623
1435 95604
978020 48810
72539 68687
726115 90186
481933 34340
535112 64832
557197 60657
619330 71465
891270 67293
578118 81865
649365 46811
27460 11252
154363 63509
471797 15144
25566 40797
927152 31140
934701 76152
672438 41571
857357 20439
454331 66905
221336 60841
647049 60594
850058 49732
940576 18330
174546 37328
380090 76294
569897 15911
269819 13549
230692 89859
426207 34015
181506 24209
315960 35310
774881 9759
639797 71550
419654 34989
4229 7727
599921 77389
419521 43677
434006 26730
224009 70496
395141 84952
948814 90098
11646 2589
721999 6632
476598 55089
47649 87757
534267 47703
807013 25161
384710 7147
457735 10410
57288 42363
961703 60715
145943 28360
656242 73223
257671 11900
221203 61050
484348 58763
650552 43216
388647 81145
287386 76550
37107 13244
39699 80186
731346 94573
396871 60311
809872 9255
436769 85757
349271 30760
557071 16872
296046 96365
107864 56112
93562 2068
239231 31467
499082 94661
622957 25782
778683 47281
269324 61142
761728 15741
419865 63374
672085 73025
641832 57535
704043 39908
381819 75800
993423 38865
581229 71690
152201 47421
875888 69845
534511 71314
372726 33070
37603 2344
954024 90883
422376 6686
664778 32900
565073 23303
709880 74643
417729 46309
751817 24111
430310 24572
207788 79635
588876 38085
745905 25017
510813 9077
19542 57744
769614 22523
111618 91868
387950 72416
623501 93642
321693 83877
510780 24279
889273 68317
156626 49011
88721 76601
945124 27194
74780 76630
975466 10112
458280 7256
921084 45722
375866 71892
530766 38625
849244 1479
952694 61183
224376 62345
80222 75747
897177 49620
465537 79753
844363 44449
609801 58914
563307 9083
968464 67725
224188 38438
818093 45930
181651 74019
684262 81176
196153 2316
219346 8579
890113 95796
798941 440
780938 89241
693260 34314
502866 21714
980914 83148
813661 50028
280310 32714
661990 54519
564109 67573
709054 42929
117699 61401
637729 50657
480924 11960
49690 30633
395628 95070
388661 32203
570643 14520
622785 17198
847711 86654
455402 85650
472877 27824
935689 41814
195085 21138
34663 6479
516559 34793
657745 47716
667124 11858
436217 84273
162057 93248
848317 63507
942061 86837
301308 13777
922926 62655
809308 92093
49742 11788
631963 49061
566475 43371
308508 42051
681681 32711
553455 75970
603238 39840
832497 9199
23024 67561
418408 94665
787323 53880
259116 79076
20052 22135
274789 68424
868 65729
746316 41297
865157 68209
89579 39878
945929 7583
225893 79687
257608 72361
342200 49699
506898 28445
131206 86648
992465 94273
747704 64013
332689 11339
541874 37972
599947 62292
328421 21862
900758 16014
651422 31888
969366 76267
230249 22153
171791 76446
575606 46894
268192 6598
290243 87358
641557 78241
337713 34648
487412 8021
930160 69769
124940 68100
205544 71985
805046 40486
325699 7516
641403 60604
504422 63472
750824 14768
42413 47070
223515 13814
352012 66371
84880 36059
299499 74606
580053 76836
360457 16764
755332 34264
403916 26968
795352 1471
605156 1011
176126 19149
822552 2054
424325 47928
428296 62125
94347 73901
614114 76660
637782 48661
325919 30877
641082 45861
449097 25370
295333 21934
804950 33905
649224 32264
447286 23217
851027 5327
77675 94841
499646 51904
361031 26979
259903 7922
131822 85278
809090 24649
672110 92288
744764 54071
685884 80780
656149 35846
123331 48980
977236 71033
518496 75032
686200 85659
587385 78933
534573 64378
597081 38211
597989 19770
990892 23312
780141 57892
212140 32265
901352 19630
552453 78601
914981 74068
548313 19136
889667 91881
555314 13195
148979 15654
526064 92561
72294 31978
888756 37800
811210 75218
673788 38988
960299 44799
267090 45431
820095 16392
362373 11581
396182 28599
400266 51625
669512 75914
431346 38930
169276 3530
458783 60659
93172 82254
669784 43246
614645 54665
805034 36939
560726 79807
351405 51221
176203 60977
810520 34494
614074 19850
750448 55292
604069 59007
870472 73865
648346 23180
865462 51818
804828 29573
652227 84196
825442 14799
579815 52410
396900 34838
898644 44849
863669 10777
27705 65600
384893 38224
68873 91024
527468 68919
558277 10120
2736 2336
921467 11949
730566 61433
501405 90528
627524 2593
949744 10031
991992 32117
442106 28758
914406 16443
895572 27102
623501 92427
850650 40876
277852 19146
556416 92322
255193 27319
453206 61492
543440 51080
941712 93472
161600 59957
842102 10716
113099 88675
274791 21845
321402 25090
526685 33248
90349 46960
562938 10656
861883 56650
754947 96387
849460 48086
461404 9362
426053 59404
395283 46961
805633 67045
276201 49346
296461 54384
305410 35054
426498 3559
31001 12952
329799 30252
16411 12085
496292 10148
650349 62100
25638 16174
14260 84495
716656 96297
12452 62415
422976 87460
144904 15286
777431 76160
744895 11457
572110 47443
516154 22704
146855 26160
295563 21554
621190 81853
413152 75525
924024 94681
992006 23452
985146 26061
824757 1465
514632 28153
877213 27160
277645 18759
198918 68
475924 29827
161669 51812
994115 77186
595697 51022
741327 32921
133973 5259
719583 48116
996348 52277
643328 25606
593266 2754
994618 87274
362978 374
287933 10001
479559 57390
778658 89129
169707 46428
138639 88133
851670 22575
525549 95505
306425 17766
338624 10827
145743 69550
536578 7406
218163 28090
130443 23905
324730 7428
262153 54213
183365 72108
444249 73637
148365 15724
857751 32458
510191 30823
682150 83142
678198 15860
325578 68898
990924 56175
974076 94953
238759 61418
795108 93053
690557 77273
784701 43102
599666 54487
219346 34405
629642 7031
962306 5194
402852 78006
128781 26808
849149 80994
307605 7730
534979 37699
544673 72382
813735 79102
695272 65100
545752 96045
542117 75531
448632 5060
284298 84369
406374 61450
347680 31643
167237 34015
330372 33137
162744 93640
515833 85504
786433 92645
571943 20589
972971 92611
363665 50567
668066 86657
388253 61336
65666 3769
482828 8721
806242 81849
595298 87526
270768 57367
281333 38129
285665 78756
557147 68056
103560 53961
493005 96131
929120 53992
211403 6899
730617 36042
237850 48267
150354 18634
645202 54502
589174 72819
763019 31229
411506 1815
124381 27917
333997 64274
152981 92465
50121 79214
100774 64528
299458 24880
43671 9730
207780 7329
163370 51825
862843 15996
853429 88819
543672 55196
745566 57030
143010 52046
528260 31785
866901 52516
753141 35793
607409 67649
369614 8921
132600 18729
811208 9987
96868 79610
693338 45231
659007 74647
759394 33908
257926 42650
51397 48022
627803 92398
450795 71363
305547 38813
841680 43806
664398 85599
406047 53620
17292 34207
445687 30061
762399 644
614653 38447
660829 20819
680265 70790
681049 26235
358036 12459
568832 53775
256924 12233
206395 11035
483799 39718
719475 13093
717091 83078
436649 85873
172031 78289
931501 63892
636535 37669
907315 90300
585870 48387
75529 82543
887978 52086
738496 69377
211903 23165
688149 66928
20314 37578
209247 60895
439187 69712
345941 6322
828946 76277
312118 57741
785584 76928
651396 12018
453869 12519
189657 94311
643205 58938
822224 25585
538114 34734
809899 1919
384398 63616
735194 16047
908942 88711
425174 23992
389513 54528
20757 79466
586406 45258
735785 53626
92843 7942
310460 43981
462243 13464
102801 4116
281653 64247
152981 9776
2095 85718
86133 79631
977277 22444
307555 76878
798470 95370
267050 18680
536546 53934
922792 48958
653383 61703
527644 28576
562108 90977
325640 12855
370923 56350
646149 3193
386168 84975
988692 45929
278359 43814
807458 49976
445206 47587
174557 3764
880443 73227
464360 22806
245763 43340
572643 52703
78431 697
678073 1038
971093 95738
181240 22465
464857 50015
510941 21788
142868 38624
271990 54784
607159 38778
709564 71447
227162 77116
328742 55672
842077 39556
557296 7454
212956 72991
19687 14290
779279 83338
448276 88112
734176 48371
608737 80267
489606 39832
566407 78877
652012 34425
86402 6396
434194 83923
344238 82317
712789 94955
285311 41332
15137 23665
675408 43758
5247 50844
552182 15846
425557 92525
51248 43209
179027 21732
875115 7536
296013 71032
817456 81922
796269 65576
239898 82257
216173 11663
408169 21336
289819 32513
178 86631
568788 53355
565750 94737
403382 14786
391263 64731
634739 21739
505022 93710
618845 76917
998748 46937
821658 14009
895585 79755
752763 43526
364740 55434
752321 56536
930600 7309
982739 81339
863445 67977
639065 31527
158264 84395
63477 3247
871385 95526
992035 6168
544684 10358
272894 20432
74792 38232
875986 12503
745181 55928
138562 9949
114036 53120
399180 14482
449373 1035
491764 77119
449797 76017
258363 77228
173274 460
157586 58640
536407 28210
453768 15172
309555 51490
140873 18613
853916 11947
387426 53211
678311 29048
741719 5587
416869 71546
353332 84499
39169 57793
695409 6247
492275 19365
613376 43324
308315 86700
259262 57713
469637 89521
442162 95381
988745 50391
679889 95387
632597 87012
474459 72115
109653 38107
619604 24578
873428 20521
425465 46887
850734 19796
401560 57626
107349 59360
557611 887
818600 29263
776735 29224
562604 54236
583778 28048
834634 64949
426712 12467
847333 1982
810840 94371
633700 7785
999858 91643
436082 73527
419722 48522
62547 18015
662526 55233
868919 33447
101909 68936
553360 37470
8457 7843
130243 49115
700015 41835
372253 82076
948458 15127
544249 80785
176569 46897
706092 73948
685074 58778
118100 26173
945339 67147
958779 39798
383245 63464
344351 4849
547919 58705
396500 56910
46377 75927
664961 44342
491617 65591
389469 94813
773149 36826
232075 35717
111664 13270
158847 86918
113042 83489
934235 5698
490296 21932
182595 2965
269766 41492
391396 63297
457359 69284
890410 89495
830988 71735
766477 89323
625287 86605
795382 63546
89662 12436
864505 71808
998325 16126
30766 20503
333001 1766
202449 76601
890717 90848
245891 50995
944692 29282
494517 58886
941533 60850
905784 89279
973001 31320
611476 19012
344557 92687
513074 9610
467017 85419
635544 53578
433633 47342
93059 46661
147661 42185
138984 14708
713254 29178
198859 14474
538511 6345
59994 79776
594654 67243
768915 26129
670741 77606
682292 81142
819951 31297
965867 24518
89295 94920
785013 63762
300423 94079
322263 56023
206282 40883
2812 95646
846119 78336
577480 70423
927750 28982
897376 74626
152306 68355
122760 40290
79384 87798
354695 46203
33120 57686
219005 81313
954675 71567
194397 24817
398440 62697
219531 31860
494257 74321
40608 38295
456717 83128
757709 63688
771913 85266
939572 34684
837726 84570
779968 48683
900085 41909
849146 21414
487926 88357
604675 78551
588519 55000
214048 74671
832082 10558
108031 66779
172273 79539
699418 83038
283077 40141
46158 4726
628561 14989
11911 28129
564411 75438
899746 1878
442891 94447
946755 62444
333394 29616
889768 91829
866852 70712
425222 47815
537393 41285
541623 11652
198241 46017
371357 32592
214517 86918
52658 37914
403242 18630
342067 46968
856445 65604
464851 37765
23408 72135
746503 91957
995738 48401
795064 31870
256436 2989
77873 45885
269888 20629
536197 87848
893239 16881
465798 75554
841419 80508
983537 51207
99375 25013
245016 19555
600119 69771
287858 77018
670527 61126
496678 11912
186981 5464
528852 93294
28378 46216
753596 71876
775275 42218
799098 94545
230050 29266
808973 85647
816053 32668
348832 35261
150815 61379
420302 90200
336417 34886
407163 22159
258870 66143
189558 51041
711934 602
921969 2809
357837 13463
587632 74717
998061 79911
317976 37529
167975 69310
815929 45300
468512 86380
932158 5161
274960 77279
402964 8859
576969 88928
651023 34526
230318 6990
314391 72180
75341 75403
231618 92712
944628 91577
82639 86449
722330 66640
687149 29767
560266 73504
