9604
169
-408
461
-367
893
438
-957
-328
813
-671
916
136
-456
-736
-32
-532
574
626
-97
186
615
-318
-927
549
-86
426
595
-733
849
-532
-361
-425
61
657
208
-47
-348
-191
182
-536
138
-345
600
240
-81
-876
708
-508
307
-390
236
-78
293
309
-530
764
-709
622
-970
698
-910
-774
-728
-292
441
37
218
-908
846
-601
-444
-16
54
714
-777
530
838
488
580
-298
655
-185
624
-496
681
651
-733
972
-171
856
669
-81
639
941
184
79
-465
-599
171
-620
-642
728
-79
-31
-2
-299
-501
-608
-812
-922
94
844
-550
-726
-653
-870
925
-828
-899
-689
585
771
-213
223
268
972
-698
803
930
473
741
-713
-243
-339
-186
312
363
313
705
108
-52
-202
-492
398
73
-587
528
-446
-415
629
-578
-831
-44
210
-51
-776
181
251
584
110
-719
324
-45
-405
986
769
908
-95
-362
169
570
586
524
-922
-460
-847
-509
-933
-735
-367
253
-313
-641
767
897
308
548
-366
-884
131
302
-603
-545
-744
-451
998
582
-987
-98
-781
182
-972
362
-294
-894
902
-584
-846
526
-319
-213
-665
369
-297
659
265
-989
206
457
685
-663
-242
639
-651
-429
-813
-654
-848
-799
-195
929
-60
-167
290
203
-503
-252
620
-349
831
-700
-4
723
669
699
382
-509
267
-413
505
-49
-519
-738
-411
-170
-610
-666
-267
-458
-465
95
-973
32
486
317
793
983
622
412
-810
9
269
186
-269
-505
-558
-888
-457
709
-743
-953
-783
-262
867
-194
126
-744
140
859
-645
232
-489
-618
822
997
256
614
536
-123
25
726
886
851
-531
-384
-655
-89
-714
-112
-824
-457
-508
-607
-162
-642
200
964
-386
897
823
-31
129
891
351
-493
887
-394
-880
-21
40
-298
-739
-518
-448
-270
-344
-102
198
-58
343
375
42
836
768
880
-807
-476
844
-635
-579
223
334
107
113
-758
614
-444
-595
734
535
3
-565
796
485
-456
-917
-860
-1
281
-361
-658
-345
681
735
-577
118
928
-496
-39
850
-75
741
-259
589
-147
-17
202
409
-55
-508
-500
948
-516
-705
433
-414
936
130
585
217
770
927
872
7
661
852
682
146
-644
-801
-5
-162
940
293
-573
-208
833
186
758
-222
236
815
-275
277
668
715
863
603
-598
448
-181
729
-69
-309
-708
-408
-901
975
295
-545
-827
847
-149
-887
140
278
-538
-28
-980
778
750
256
592
-968
-467
259
304
953
-138
706
400
238
-9
-669
486
284
-520
586
258
775
598
431
178
-552
544
-683
283
564
-153
-139
341
-847
674
-68
743
764
749
47
717
-833
-691
116
405
301
447
-109
-416
484
-967
399
258
188
-171
994
194
931
-690
-967
494
-286
-106
-166
-132
-432
323
-390
-669
71
214
-953
238
81
-279
-800
-619
725
-352
-478
209
-319
921
-977
869
-251
-984
62
-764
885
96
730
-402
547
-880
466
-886
444
634
-997
-929
-153
608
310
928
-672
67
866
-947
715
945
262
-605
865
-158
821
-829
-141
-560
-593
-257
93
695
-102
-361
815
-636
-689
258
555
-686
-113
959
922
-804
887
808
-180
309
861
-466
254
-321
-514
-325
521
-694
-154
937
-254
-189
-321
839
-495
578
-522
877
499
-211
-308
-390
-340
579
-432
-862
332
-546
946
-849
321
806
-315
-426
-959
171
249
563
34
653
56
338
-980
736
176
-475
-130
211
959
926
557
-350
-908
774
-772
-340
913
117
-328
858
268
993
221
510
-877
262
-763
-71
-619
272
-419
438
-391
-399
-270
342
-317
157
-890
-801
82
667
-151
-269
-2
-365
391
-90
752
-938
-233
-423
-946
988
-914
735
250
-676
-336
188
153
245
-375
319
404
355
-340
644
-932
-230
843
-293
995
-751
438
-8
-116
-171
902
-808
-109
-775
-674
-497
771
-587
-763
-423
-706
-542
765
4
261
948
-678
-336
302
-18
865
-72
310
265
635
-139
514
73
853
955
902
311
704
-651
93
-970
-591
-137
-1000
-353
440
-706
-338
205
298
923
152
620
-857
-990
-842
-992
-62
468
273
-427
-672
-657
203
738
-703
104
-395
-1000
453
699
-970
863
-439
-970
-934
559
882
-715
-237
-264
-792
472
913
909
39
-929
917
978
96
-254
-893
425
89
310
-281
-57
971
325
-499
-20
23
-912
-601
141
677
-535
-301
558
-249
19
-706
-484
-510
764
-576
87
835
899
-379
-69
-799
-272
913
-152
595
-369
791
565
513
-709
-899
-908
-620
-499
234
-944
-477
490
171
-169
-491
22
347
-444
-214
329
643
-823
227
-737
108
428
-452
-423
-725
-858
-234
624
264
-722
472
366
929
409
424
-281
22
947
-792
-807
-222
-283
-228
-876
-169
558
10
-527
293
-764
-706
958
222
-158
-465
54
-458
301
-323
806
136
707
-272
64
115
709
783
-863
656
549
888
-567
823
-341
-886
-347
775
-318
-316
67
-82
-22
24
697
820
116
-249
-639
-584
-15
725
110
-309
-991
731
807
719
71
501
-69
-824
388
364
999
-954
35
-348
378
717
336
-556
-808
871
26
889
690
-859
-804
609
-885
182
333
-218
873
-101
-488
236
-383
140
-264
548
316
-877
-532
315
728
61
524
105
-666
-584
107
-917
-714
-868
973
533
-727
726
141
946
-93
-527
-273
-663
373
-203
573
547
937
-691
-348
-190
990
-323
682
717
295
205
-621
630
178
486
270
464
618
-201
-4
448
-475
-863
394
432
-833
-880
769
97
-83
-101
-799
-589
-235
-147
221
-246
87
-541
-972
-618
664
-593
569
-602
893
-162
862
510
638
-586
-486
720
-892
908
151
-724
586
-523
-70
-941
-67
131
-973
698
541
248
-549
-815
707
-521
-433
-73
-114
693
325
-665
-913
-257
402
282
158
917
1
-177
824
710
-344
-34
744
587
26
-324
-726
53
-627
816
859
-619
558
122
-582
-876
607
-139
374
-512
197
461
232
-402
-700
947
-486
-142
-231
896
-433
426
-582
868
-431
444
-457
-157
-946
-527
-785
470
-145
773
-409
-170
454
755
691
-173
-757
-556
846
32
43
703
-465
114
-440
304
-434
128
-714
-15
-5
-145
986
96
256
597
569
28
66
981
-199
215
-633
-746
-31
-942
-361
-231
-941
-959
801
-341
744
-665
774
-697
197
897
-12
483
-562
541
896
-576
-807
-292
-980
319
736
87
300
-464
-699
224
-652
-173
-161
-456
597
-101
-858
397
558
886
290
-112
746
-514
-215
-709
526
223
832
-22
647
-976
243
225
-100
-21
869
-801
72
-831
-19
-23
-447
820
521
-851
-282
220
104
-724
105
951
164
-592
-564
506
-301
519
-271
-913
-946
933
669
297
-286
-432
833
-418
-675
-95
-692
306
439
-138
-318
-483
-432
401
737
229
234
-601
179
955
-193
172
461
63
-752
747
150
-698
236
-625
599
951
-57
-11
-911
-175
894
-602
688
-111
-183
-630
406
385
771
143
-386
-439
542
350
-485
906
-478
533
-32
-230
279
-883
72
-928
-508
-773
580
-8
216
669
818
-334
-934
505
556
-117
432
-482
826
202
661
997
763
-241
346
836
-336
868
368
632
-806
-796
306
-177
-724
355
51
856
905
824
524
279
-953
148
-660
160
588
773
678
-30
-26
-104
-34
-706
212
-688
-871
434
737
497
-378
932
701
929
-689
534
-160
-81
389
-256
-257
-530
-978
-653
175
-637
507
-238
693
-259
290
-777
637
-745
-483
-594
-876
-797
840
862
258
-539
350
-485
-611
661
-951
-213
-420
-5
531
-120
22
111
227
-804
31
-710
-484
-277
31
806
-497
-775
618
21
-369
743
-219
-530
161
596
-512
-933
-889
-565
728
718
222
865
-731
-691
-699
292
420
85
45
-993
375
118
-713
964
-77
-209
746
-902
369
-624
841
-851
-597
-442
303
-109
-375
414
326
-648
-312
-896
775
-43
-586
-925
806
391
161
-149
399
-908
969
243
-945
-551
-967
801
-896
402
734
945
109
694
-498
-589
-858
-316
382
468
-407
-931
130
-633
-417
544
-1000
947
-509
161
-203
447
-190
-678
-310
-577
-672
-277
781
-568
-875
515
934
-209
-235
993
202
-93
-324
-860
933
270
-791
62
637
-651
-838
194
-705
-347
912
-351
-900
-278
-471
-653
145
-143
70
-518
-153
-248
554
-220
543
-681
-227
-699
226
6
-559
158
-725
-793
777
470
-886
939
-337
-591
-851
-425
-384
807
-146
145
-847
556
-999
223
-963
-595
533
592
186
-368
911
516
-66
-307
-479
-68
409
-646
-303
185
824
-189
-319
-957
-223
-170
-825
393
-364
29
-906
-654
-416
654
569
-821
-942
-342
771
244
291
238
-684
782
488
-162
-730
-104
-251
-33
-919
-428
335
-238
-828
670
149
-652
-381
785
-66
-286
688
519
-633
-187
698
983
472
25
-216
-681
820
100
-900
307
495
-630
-797
-757
-105
842
-628
787
-840
-455
456
309
-550
-925
-350
384
-654
-663
-98
-287
150
-844
-748
-822
-262
36
-503
-443
-864
-403
422
631
-475
182
432
-23
23
804
-237
-260
-652
-781
606
-202
852
813
740
-803
-851
-359
-533
-144
-645
-281
35
-350
756
89
-235
449
244
-814
-364
769
368
-933
-255
948
872
508
-756
777
284
850
-868
135
662
872
-111
368
-931
356
781
982
633
-185
-368
-55
462
397
-607
-295
583
29
-527
-493
97
-225
-546
-475
-718
-302
-699
124
-896
-567
-742
766
862
-295
-310
932
-940
-530
913
250
-157
-899
-806
-696
498
-856
9
-363
174
39
144
828
814
155
-648
653
410
-790
-224
514
-799
-408
-164
-938
297
526
551
-86
554
21
722
-604
122
916
-300
-823
-940
266
-186
-209
-696
516
-382
675
-773
-473
327
638
-706
661
-292
-505
810
102
-885
-337
-816
666
134
738
-314
-145
-867
366
-672
-610
543
-612
213
914
-264
517
429
-89
191
657
438
-925
-149
732
293
116
785
102
-783
900
765
960
565
-545
254
809
311
-55
-269
639
335
831
584
-452
744
-681
622
-270
230
-630
944
-776
-998
-206
956
295
467
297
954
242
196
275
201
-682
730
-546
684
40
399
-586
-322
-709
-756
819
-604
545
-863
-983
-726
-76
945
775
148
947
-875
-339
241
593
958
-249
-166
154
-975
592
29
756
-955
-288
-205
2
-317
31
-150
-516
-151
246
-972
-456
-180
861
468
-678
635
-827
-732
761
-166
67
353
-209
818
744
502
844
335
-470
156
-63
-201
508
496
39
-905
-655
523
-498
148
552
46
526
-31
-930
848
-397
-757
673
921
77
-261
273
426
-886
-427
-516
515
465
-428
-330
-598
371
735
455
-590
831
358
490
-668
-938
41
-65
588
567
5
-8
-830
249
-778
-910
883
-39
-79
-135
-368
51
350
-854
-484
922
-627
-525
-151
-892
930
-184
939
287
-694
828
-93
-96
-238
-949
-529
767
-399
-802
-428
-177
-712
-545
341
-234
-123
974
818
-774
677
-667
-853
-950
-192
-446
716
-706
370
211
139
233
38
-955
-863
357
-904
-835
123
-746
-637
253
77
-349
265
-582
-25
-859
-609
-208
-632
-933
-318
-928
675
47
-374
-53
341
554
-843
-521
-214
-248
-919
-520
-892
736
-355
-211
990
8
-959
67
217
-137
485
-809
4
433
-460
-71
57
222
2
-711
-732
185
236
166
-705
394
203
82
703
284
119
812
-424
765
-843
-434
-671
756
190
546
-382
-326
294
622
664
834
-449
-280
-388
110
9
-563
-706
-755
161
-410
196
-637
229
-102
204
-653
-734
781
669
981
-654
556
736
536
101
-647
767
953
976
430
786
-917
707
956
193
-284
950
487
-482
110
634
271
473
-581
726
-323
-676
550
-543
550
530
-640
105
266
453
-794
619
219
716
151
-795
501
234
912
13
-574
-816
-37
471
-741
-928
-339
87
103
81
-187
780
-38
920
794
-489
449
-847
617
-729
606
380
891
-619
95
-402
-857
-848
833
-946
166
816
797
686
-157
613
315
62
-300
-583
-858
70
754
-339
-11
104
172
995
257
-212
-734
-581
-833
714
-643
262
-689
-500
-28
701
-888
-863
517
909
380
917
78
-306
-22
778
-331
-323
-153
-578
338
393
527
-490
388
-660
-145
654
-683
-420
367
-769
399
235
-268
-630
-64
-599
-936
-991
867
444
926
-56
696
-96
-278
-636
138
126
-657
-524
-924
870
-457
464
768
-45
-326
642
535
598
873
-66
-168
-839
-139
768
-438
-74
777
-572
-631
260
373
-936
-837
652
986
-142
-666
-671
-109
-590
756
-9
874
80
947
-896
-279
38
702
-849
972
-466
-688
-610
859
-568
316
193
-583
242
-548
347
-136
-828
-2
-151
30
333
-265
922
300
-509
-88
-269
128
-142
-165
850
454
-463
558
-18
-372
427
372
-514
859
-313
679
834
487
688
180
-650
860
-822
-244
-110
68
492
-632
925
540
280
-345
-333
696
491
-927
149
-973
631
-870
-788
58
60
-302
-527
747
935
-694
-210
179
44
140
39
-221
454
929
404
-55
-704
328
-959
133
984
-292
-172
474
-661
534
58
970
222
270
-416
-719
525
-385
585
16
-522
-625
-805
522
72
-209
-700
-475
-281
704
470
-428
-411
68
262
-428
777
648
603
673
181
-783
642
960
44
784
-760
-875
956
826
-301
-567
758
-549
513
-171
242
370
355
518
-369
-619
647
220
450
-92
349
-217
-445
-49
-545
294
-275
654
253
769
437
51
451
392
-567
-851
383
-810
-400
-105
-424
842
822
931
-84
-548
870
-438
672
319
471
-423
659
583
85
-887
-124
810
324
687
135
-682
-706
-414
267
-273
-708
-351
-526
-550
101
50
849
-77
-462
-235
-68
-593
327
-839
726
-646
-262
-59
938
824
-389
-630
633
935
614
-675
-748
908
-532
77
-809
-240
726
-778
210
-616
273
59
-136
811
381
353
775
-293
514
57
-381
-748
998
-887
-925
-392
-517
265
-901
655
590
910
119
-943
-14
311
-625
-732
90
142
-791
920
758
-370
730
138
984
61
403
497
-883
-979
749
-886
-866
381
-721
-826
-354
-621
829
793
846
-495
408
-169
816
783
-344
-538
-519
-134
-618
-761
496
669
377
479
-270
-664
-467
-153
915
-719
-38
606
220
-202
781
866
-266
166
215
-421
671
-378
-33
43
962
624
506
-557
-954
445
-761
99
113
173
-865
843
510
-332
-310
424
-494
209
-413
726
-994
925
148
-259
90
-637
-123
-682
-458
845
-82
-939
25
981
-939
-372
425
-700
727
-462
473
419
-620
-18
644
-373
964
-850
836
-893
433
400
-969
-419
698
-322
-499
-426
-4
43
976
472
104
0
452
165
628
-123
22
-88
415
-505
888
352
34
532
980
-3
682
815
104
-329
-229
-308
252
-532
371
753
43
924
-647
18
395
14
576
-153
737
203
724
-242
672
-305
253
560
-954
845
-352
583
-159
887
-45
503
-443
726
752
810
-806
122
119
-206
46
29
812
-560
-957
387
287
337
-853
-433
-906
376
-181
-95
-65
-577
-251
140
-995
147
26
-40
-794
584
-757
959
393
-563
80
-932
231
683
98
-401
-877
141
987
-33
-966
691
92
-872
66
911
-410
559
-667
-104
-302
897
-957
725
-144
807
308
99
322
-743
93
960
883
-677
642
-20
-77
765
678
-534
-711
712
-844
381
398
-221
-152
988
-663
-261
-116
36
-365
-516
-683
48
-710
182
705
170
439
-203
129
321
-322
-230
859
158
-908
93
181
-619
-195
-106
319
-798
673
-834
747
-990
-95
-813
-397
97
-329
-523
-855
-481
659
850
689
-346
-354
-183
975
-119
144
390
-962
236
-517
219
174
288
-888
-508
47
343
-784
-650
-90
-322
-462
70
776
-234
547
921
285
205
770
-470
859
973
-96
390
-146
-952
-663
-551
284
-180
226
-542
665
338
-493
-732
-763
-277
-382
147
402
156
-784
-266
923
763
-346
-236
-476
981
295
-618
510
-802
330
-637
-754
667
-630
88
-514
596
546
708
-510
610
976
-272
-667
-407
875
292
307
-909
-975
-214
411
-764
550
936
-784
-599
-683
726
-843
204
647
961
-130
-984
48
-87
169
-850
-380
659
761
-848
-614
-907
-697
819
-58
610
910
-476
953
320
-240
502
255
-467
461
130
816
618
891
19
578
-239
-408
-374
231
761
-667
409
-23
-907
561
-80
744
864
-262
-315
30
-796
-234
-18
82
526
-959
894
616
502
-420
-11
119
-529
-993
-747
-211
-843
-564
-981
475
-230
428
-549
-137
-454
-71
-836
-591
667
-151
-3
429
173
979
-490
-745
-981
-597
872
78
-16
-583
754
455
982
-993
-757
-862
-1000
820
171
-230
-195
622
191
351
-450
355
317
775
761
-687
203
-67
850
713
-254
869
673
-383
-496
-787
-409
-743
668
-428
-736
468
-732
823
-155
439
-408
650
60
340
0
168
-749
-684
-501
570
-813
702
-941
-964
-29
-195
462
-357
-21
966
-143
570
-777
-919
-858
-956
107
-590
867
952
849
-984
601
-535
356
-843
190
165
-970
689
-266
-783
390
-207
-747
918
599
716
-439
-423
238
-25
705
461
-387
847
63
277
814
-71
-215
219
-498
943
684
859
-901
-126
23
688
-881
314
905
510
-894
716
427
262
-12
545
840
-775
-924
101
244
-753
-53
-694
81
-683
-208
424
536
295
366
219
-290
23
650
290
-290
770
-397
-829
-164
-291
887
820
529
-126
-78
-75
100
-445
-975
901
-641
-28
-794
441
289
-445
-136
-619
850
787
157
-441
-634
-193
849
76
-867
-549
248
-474
-282
-309
-655
-754
566
-176
171
-778
380
-247
-878
739
725
886
-264
-430
-560
157
-492
-710
-56
665
-594
-133
-529
-745
944
-839
-737
-252
-313
-462
439
-410
-659
-439
414
69
-660
-650
822
-981
-911
103
905
-618
230
903
540
738
750
-960
403
-845
-93
431
968
-593
150
789
-288
837
-674
709
984
-775
-731
398
294
-833
748
116
-814
394
776
649
777
6
551
-127
-257
-143
-87
703
-431
377
134
-463
785
-717
883
-504
677
766
-796
661
991
-969
-385
-158
-802
920
515
942
-129
290
590
-353
-705
-303
520
-404
554
990
856
-877
366
-11
-783
-293
-171
-901
-239
-937
422
-478
281
-30
-890
896
812
-692
372
326
808
-758
-828
397
-111
-975
652
966
-379
205
512
-524
-115
-565
23
102
-301
409
-242
460
472
738
983
-248
-293
-908
-796
-482
959
577
401
766
819
573
-281
-735
598
-630
788
776
133
-143
810
-983
292
-168
-323
991
-760
435
451
270
172
-10
-979
436
-361
-774
954
-403
803
-89
920
178
-516
-804
0
639
-434
-212
415
256
645
224
274
-507
613
951
-960
410
-58
48
-321
672
-963
-742
107
-323
-959
-382
-169
401
86
-249
-422
570
-496
579
209
-373
924
-820
884
568
-39
157
618
-870
-336
658
540
163
-294
777
-609
-257
592
56
-23
633
674
366
33
-241
-884
611
887
-823
-254
-348
-196
-331
-611
-313
794
350
401
-32
480
-936
-374
-424
-215
332
910
176
632
501
-769
-834
133
462
532
-835
779
205
334
665
382
637
874
-815
864
-738
-570
214
612
831
-818
-352
453
-192
-219
-763
697
-309
-30
-115
-809
202
-392
325
-337
697
47
999
-99
938
663
840
575
93
-975
438
355
-545
-349
-477
843
-610
-272
295
-245
510
89
-549
-800
-941
-106
-609
261
59
273
481
-244
878
480
657
815
-301
497
389
793
79
-617
-296
91
-408
228
-67
-18
956
786
738
22
-126
746
222
-67
-361
171
751
256
-557
-211
-989
878
826
225
693
-919
-722
-362
874
-86
22
-865
-996
614
-80
-505
-405
-568
838
-668
455
-289
636
-324
202
832
847
-48
87
848
741
98
725
566
-677
-26
648
-842
613
78
73
-366
-230
77
805
690
129
957
-878
-34
847
577
678
482
-748
-121
313
657
388
-600
61
129
55
-658
-749
-65
317
456
94
-71
-909
-834
120
-139
-200
-76
-449
930
-120
-327
-548
-274
807
687
-793
616
-878
521
272
511
478
890
-804
-468
-768
-996
468
549
461
-439
-966
552
-716
154
-588
84
635
-480
13
-486
-250
23
-202
-444
-291
5
-828
-168
-918
1
900
117
-552
-905
650
-320
-901
-326
786
117
235
377
-775
519
-470
-805
-841
-836
-285
-270
-765
466
753
33
579
-539
596
308
-150
678
-691
-251
-648
-243
-156
-999
-6
-499
-325
-664
175
467
713
401
-458
-758
596
-299
964
-690
431
756
333
-260
-211
-531
202
-616
777
609
619
643
-642
971
957
-241
529
-493
-183
761
-157
993
227
-445
393
326
-646
-12
-973
-683
-145
15
-927
746
313
-581
-786
-486
-640
548
680
536
191
-963
64
-296
-646
-408
212
171
-647
-946
163
137
-390
-888
-537
-36
-343
-953
-161
513
-381
-531
-185
932
-112
29
-998
-195
-867
683
-660
-119
277
404
586
631
554
-203
-198
464
-592
522
-400
-425
635
-380
540
-709
-333
936
361
-156
-596
-825
-225
-151
-239
-222
654
-105
-983
551
333
294
-488
-82
-518
-935
272
284
529
681
-638
686
-745
554
-694
352
846
-470
-156
-237
-69
248
-504
707
654
257
-959
-136
709
616
-585
42
-91
-516
517
391
-451
-211
-769
635
-974
-406
320
839
-853
183
-252
550
271
592
871
-799
-603
-634
908
-950
180
506
-528
-111
121
-556
488
588
-72
-439
-465
477
-93
-233
111
-67
-82
988
-671
-378
-272
77
730
999
-332
600
-801
-378
523
665
-327
-298
-273
-298
148
406
146
-365
-7
-927
-246
85
107
661
409
775
-849
-674
319
-520
-494
-954
114
793
-956
339
392
802
962
-86
23
-809
173
750
-107
-679
155
596
-487
705
226
267
-210
-668
-72
-802
-894
79
-918
-18
116
-855
29
-771
938
-370
125
329
-569
86
800
11
-166
-471
-239
727
-150
473
-121
364
-265
-896
-813
525
-564
115
280
-901
751
-81
82
-134
64
-890
-348
1
-703
778
887
-271
-580
243
740
255
773
-943
-462
-821
88
418
543
823
522
731
-96
516
-598
741
172
711
-340
-747
-867
724
921
-214
-718
-782
-880
726
-496
-903
-31
801
-91
-702
859
448
-523
-54
-578
578
-675
501
-135
229
16
267
-31
-812
-23
186
999
111
-533
920
454
-251
695
131
-526
-802
-215
0
999
695
298
414
-301
776
917
121
353
-759
-379
775
27
195
41
997
383
576
-261
-62
-757
206
-143
254
955
-892
942
987
864
-274
-14
420
978
842
-167
-324
617
-693
797
-474
-452
-582
-700
576
170
-102
129
-448
-970
425
490
-727
-369
905
84
-858
570
25
-872
434
309
-328
-147
286
-487
243
963
687
550
759
770
-902
734
627
231
-97
-919
917
12
-888
341
-941
943
972
521
-416
672
90
166
357
-477
-526
-972
-67
318
-902
-824
-163
342
726
-848
-332
381
887
852
-389
-654
934
-916
-84
603
426
-468
102
-46
-948
686
-375
-301
-148
983
-220
-117
568
713
-800
224
446
-406
-878
172
-253
-209
-448
-810
-358
-279
-464
-868
-638
9
292
345
541
-606
-701
150
-921
-519
407
-512
-980
-814
372
146
456
129
927
-98
724
-952
631
-973
-161
-818
-783
39
-540
-247
-272
-177
320
-980
-833
-583
-586
-977
568
-950
-938
-26
-461
640
-283
468
-215
-828
-847
-289
-369
434
-683
-739
461
-287
-999
678
752
-982
989
-963
-159
308
615
-434
725
586
-854
-151
636
-792
380
732
849
-904
199
-810
827
353
-541
-543
-657
-224
-281
805
489
-723
482
-202
-705
470
-165
-306
-666
-994
260
617
592
406
-535
227
172
403
-41
20
499
715
-233
-118
-376
226
340
-32
-999
616
-228
48
893
811
846
745
-162
-763
-562
172
-757
255
-212
835
-339
-189
-382
390
771
577
967
269
-151
-267
-849
473
517
48
-560
75
-780
-231
-878
670
-863
968
414
-25
-796
410
-854
-553
-336
-508
839
-118
-140
-543
-729
-370
591
-763
456
-561
-472
164
470
-956
769
467
119
989
-764
242
658
-627
209
-371
-95
-29
-962
51
-25
-298
100
-186
585
960
-172
856
-854
976
651
603
-585
-822
-677
442
-778
-908
-92
341
-920
-299
-861
296
-369
-94
925
536
877
963
-856
-149
-779
244
222
806
-239
607
219
-536
583
-574
-934
555
-396
948
-4
-617
-961
904
724
677
-395
421
-28
-207
-674
-104
-671
-798
-585
-527
-390
-363
274
390
1000
-966
-4
-225
-501
-865
201
-878
690
362
-931
-315
745
666
-854
26
343
-692
-554
-686
101
-228
-232
-13
-469
-260
460
141
377
-266
-913
-66
-675
-359
266
-176
-224
-533
-496
-977
386
-427
-292
131
797
-589
-844
139
-724
-398
453
378
-69
778
-636
462
-482
382
-841
452
673
-753
-615
998
-112
209
-621
664
676
-117
687
61
13
953
749
-191
921
905
948
-803
-937
-42
132
-449
-265
53
-988
-190
-566
730
-738
-894
977
-796
662
-579
413
-960
-916
-355
-77
329
264
493
-162
12
-698
-685
-526
-751
-931
-906
-236
201
-354
57
-746
-785
867
-755
945
-872
910
921
891
571
-659
303
168
984
506
-910
-131
-231
583
264
781
442
579
812
249
649
907
-988
-594
-448
69
-783
-233
-64
-980
-731
-379
930
-811
-489
57
-912
815
-776
629
320
872
-503
646
11
318
-17
-547
-104
-205
702
-899
-299
271
-935
-190
-660
-718
134
-167
-698
403
454
789
150
966
-155
238
337
-374
-134
-787
-946
-80
859
-377
-763
-159
76
-310
193
-666
-651
894
605
-586
-740
502
-747
395
-666
-444
-646
346
-656
504
311
-253
-702
-796
-70
-279
-583
-15
641
833
608
435
-327
-760
683
867
-869
-969
317
293
-998
135
-205
-745
-914
-314
-632
-560
-969
-287
945
-101
17
800
103
504
-479
77
-955
719
-91
653
154
140
450
-607
6
581
982
880
-569
984
-429
-217
796
-343
469
-836
98
58
-566
-401
957
8
-602
-383
-489
-81
694
-443
-362
-397
767
349
743
217
299
-695
-646
280
742
-215
-180
-687
568
-385
-30
-406
-664
-933
652
-230
-777
165
778
-378
782
847
98
33
-597
736
636
-831
-359
-65
386
940
240
298
-224
-462
640
596
-149
-235
769
822
359
-896
446
-433
-568
670
732
767
849
71
613
-54
-897
-985
-761
296
743
-563
-770
-315
-623
27
983
-290
565
623
-694
-584
945
632
795
303
293
240
427
282
-534
-285
49
-686
786
-782
-182
446
792
57
-259
534
494
-29
-782
428
998
-799
-862
563
381
-999
536
325
190
330
-816
-518
-431
611
765
-407
-675
-630
-536
669
-412
282
114
937
896
856
470
-53
-617
689
-626
-619
447
-931
501
-616
628
36
266
-183
-635
7
300
-509
-826
-379
84
-944
-452
106
725
136
-613
-604
-370
841
-749
-901
-213
-366
345
-282
-428
-209
-655
-928
-268
973
-335
998
-210
30
-439
647
79
-265
825
720
-208
-628
-175
-484
65
-230
-88
695
-390
-280
795
-46
-88
139
672
484
488
-984
114
-781
547
336
775
-664
924
-665
540
2
-372
364
-279
420
736
104
493
-200
874
-595
-505
-960
-318
847
-449
594
-15
-778
-365
-971
797
306
807
343
-359
581
236
-879
473
-225
123
658
-862
402
77
431
-938
-430
-770
493
-468
-718
533
-229
-872
641
923
-329
863
-443
-300
216
420
-494
-885
618
644
351
740
-326
683
-581
-669
378
378
-34
-192
440
93
-404
-68
182
-565
-979
953
-436
662
875
-208
82
989
49
-703
408
113
-587
26
-244
321
-678
-13
4
-259
-124
939
-881
842
-253
116
-66
-100
-952
-885
335
627
625
456
289
500
-753
928
488
-146
782
-547
967
752
36
-721
73
358
267
634
656
700
572
775
541
876
-552
-969
-225
-504
704
668
680
328
123
-475
-616
-72
-548
873
782
-766
-675
748
543
-82
584
-385
-725
-593
806
931
-894
-65
263
204
-190
711
-208
143
764
-505
-190
0
381
933
526
765
-583
978
194
-802
769
76
503
312
994
87
484
826
51
-153
757
158
782
-424
919
-852
844
-289
291
607
-237
658
-394
-857
148
689
466
565
224
-341
764
-8
293
266
861
-157
910
-98
-331
-39
749
-575
676
87
-442
594
235
-599
-696
-917
565
-375
298
728
-232
-555
417
791
-990
-360
-993
774
189
300
-404
50
-858
-937
509
-632
-419
-186
-650
-744
901
-92
407
-308
309
269
-668
-570
894
631
-842
-339
-925
575
-548
-915
-786
-541
416
-40
316
570
567
15
190
75
384
771
889
734
584
346
-358
-10
-962
508
-742
928
496
-849
558
654
-630
634
228
-621
276
-1
-605
-308
959
711
819
526
-718
8
-843
666
-665
604
-43
919
-51
156
-92
-456
-780
-276
-528
716
-125
-971
369
-198
220
-847
181
-504
-291
576
-255
-332
-157
-437
751
126
128
465
-652
463
68
305
-62
575
-983
403
-882
-762
-874
-853
954
-441
735
323
361
-46
33
-901
7
743
232
752
968
-925
872
275
-242
-444
-261
-337
576
808
526
-487
-61
543
917
-386
781
-958
-238
735
-399
-947
-386
520
7
647
619
572
389
-150
323
-87
-518
-248
-813
-203
308
-73
461
-116
-709
-14
-46
230
-472
-130
844
867
-530
-838
601
-372
-785
772
-853
-220
418
323
-649
-636
731
231
277
-788
983
465
-433
-152
949
-973
289
-761
-430
-758
26
-345
113
-574
-479
583
-854
-879
-790
919
893
916
-302
-132
238
-394
-211
-32
838
-935
-262
377
87
-138
-776
35
-111
513
-169
16
756
414
671
-575
841
-808
-993
987
871
775
905
321
690
-840
746
-515
-234
-466
10
-840
-844
748
538
-199
-391
319
836
55
-168
-776
628
-856
638
299
-874
35
48
-867
21
-525
465
-517
353
-288
-357
98
197
-34
189
-794
127
346
512
-779
-854
678
540
539
-710
929
320
918
-928
-42
-227
-802
550
378
889
-429
411
-89
-389
-237
623
-189
862
-624
334
-393
-861
-540
953
208
-319
656
-114
779
-248
-267
707
-929
-793
337
-414
-462
92
-864
916
-462
-736
326
449
-568
647
-372
243
65
4
-424
672
-300
-406
182
909
-168
-163
-649
-390
589
84
875
218
-152
211
361
386
-698
54
-141
-603
-125
742
846
307
388
-970
-894
-548
-409
-317
-876
292
-166
-137
-243
666
700
108
834
-154
-809
708
621
-404
-525
-19
983
-666
593
-159
-268
-533
-418
-866
775
971
-835
881
980
-244
-880
661
605
-46
-477
-639
-823
781
469
-990
-817
217
275
804
814
750
-659
353
-917
934
-807
-628
-599
-668
-493
733
860
-328
613
840
-15
734
57
-853
-756
138
-935
-579
-82
92
-569
101
-692
706
-539
679
12
-198
-412
96
-707
-219
468
-306
114
532
-574
-470
761
596
-631
-697
-114
-16
-550
131
-879
-485
552
-404
607
541
254
473
246
715
-292
816
-484
297
-89
-191
635
936
60
-695
25
43
-164
-215
-361
-238
88
525
746
95
-788
424
168
765
-981
-226
305
-170
804
-893
-456
-488
923
-382
366
-610
-16
0
884
602
306
-92
-356
699
693
283
-540
-662
-635
764
433
-423
187
-400
899
-236
-68
203
594
-708
-132
696
-639
-653
-687
727
-262
-146
-716
-379
-545
147
86
100
-155
-665
940
305
-327
862
68
664
-561
-745
821
895
-424
-248
98
727
-398
523
422
-37
870
735
-310
-393
-411
-469
-215
44
678
871
701
-478
-794
641
827
-564
502
-548
-901
498
-736
921
393
-160
-771
-953
-434
-169
127
989
352
-4
280
-959
161
426
-428
503
-973
807
-69
728
-672
-306
-75
-846
130
985
-837
-213
39
-573
-736
989
267
-950
-965
834
-561
162
379
791
716
-785
389
-124
642
518
936
669
324
-134
-47
652
560
436
363
-753
420
527
34
-542
954
298
-553
-222
-95
-961
-832
344
-241
547
134
-526
762
-478
-93
-40
597
-158
-815
-80
266
139
-429
-175
-426
492
72
551
18
663
566
-472
-40
570
306
866
167
474
-234
926
-423
901
957
897
980
-137
-144
577
262
42
-504
-473
738
-375
-90
-689
674
539
419
-752
202
-16
-224
-839
-889
640
584
278
113
-650
-240
691
808
-284
587
787
136
1000
-80
955
41
-26
-518
-222
156
-51
-354
-171
-513
622
77
689
-837
853
408
-726
49
-452
109
-838
-545
869
410
-738
-416
-447
607
720
-448
-917
231
151
57
270
486
-788
-782
690
41
-294
311
675
952
31
85
-84
305
-867
465
971
-705
920
839
262
740
980
815
-97
699
925
-14
-513
-368
601
757
-883
813
976
364
-589
-762
-768
-915
-811
263
170
106
-875
304
-873
-905
156
-954
935
-582
343
471
790
803
170
271
-211
657
903
947
413
578
316
-55
-502
727
183
-270
370
-70
994
-904
593
676
400
720
771
-887
323
262
-912
-334
-267
435
-975
460
-294
-629
-327
-835
-683
643
300
634
-855
799
360
328
-472
-714
815
-922
-617
407
754
340
126
82
453
-551
901
541
-328
-810
-24
-303
207
239
69
437
-39
-57
80
-739
-424
225
617
494
-891
-856
780
925
781
-838
-112
91
60
-986
730
-488
-980
188
611
-751
378
-857
-497
-415
382
572
579
900
-485
-342
-840
-352
440
777
-859
107
479
479
-412
-184
198
476
907
-743
47
194
-230
67
-619
938
-127
759
-920
377
901
19
-495
480
-82
20
695
-364
226
-308
970
367
356
448
-155
944
-737
-957
-24
728
-700
-977
-79
-373
-353
302
-436
521
-383
-799
-546
-925
220
-41
112
696
537
-194
-669
-238
55
-700
-872
-590
306
-469
-647
126
-869
-113
-590
989
-90
331
-384
114
-811
-263
-809
-636
-504
-355
997
716
605
108
-32
141
471
-144
903
-474
-286
588
-507
-981
-882
-596
-298
807
291
113
796
758
-1000
969
-129
-810
-738
63
-889
-242
708
-893
-526
312
215
-1
-991
-758
856
912
-232
-431
500
-181
-855
175
223
-153
-18
-487
960
-666
-730
961
-698
-302
708
-436
761
376
-120
26
483
-89
895
-746
910
905
-504
765
373
-178
891
-571
198
-965
605
-580
-560
-857
-67
957
-966
-240
474
-664
458
181
-543
-224
-887
337
802
596
-753
696
407
715
157
461
479
-470
840
-73
-41
37
-481
-880
14
-41
821
504
-84
855
-737
-611
748
278
128
-795
-947
241
99
412
-606
-96
108
801
-382
822
-182
654
-649
-343
-420
311
251
-343
-12
-736
616
-191
768
-912
-337
588
-965
-589
-134
163
-827
-81
-597
272
889
-646
733
-4
-845
-650
-183
-470
562
-274
-255
699
594
996
-645
-419
818
529
390
585
617
-947
173
652
-979
596
-186
-806
-929
-225
23
960
129
-244
-488
-159
-337
-113
-71
-776
613
674
924
206
226
-722
787
43
807
-266
-815
-19
-656
-85
-368
-635
-490
4
-884
-862
336
139
-902
-979
452
-390
-580
-885
497
349
-661
-334
22
820
872
805
656
216
-152
19
507
33
1000
408
505
-368
773
-986
193
446
710
-472
-859
808
-451
594
976
-474
709
29
875
605
696
-547
-18
124
-742
-363
897
-337
656
403
253
656
-190
-243
845
-861
-672
37
142
-963
122
284
846
228
-566
378
755
700
-594
629
304
659
640
-715
-660
455
-521
-764
-883
-865
197
370
348
564
684
192
261
-989
786
-598
-952
-93
243
451
692
677
-615
446
376
-651
-368
-763
-993
-729
-921
-653
726
-441
-859
400
-306
338
-231
599
-542
-991
-210
719
-980
-868
679
626
-404
-79
-366
-713
-402
19
734
974
368
-635
-790
376
-807
-710
280
476
-594
421
-125
-343
-685
201
-745
-669
210
-398
-951
-213
-266
728
-588
330
-351
46
617
247
623
-93
-223
-10
-171
-455
923
22
-608
-240
-503
-202
-820
-71
12
-947
-871
267
-616
-104
869
991
683
-841
719
-905
46
925
-302
-338
-272
-680
127
505
311
956
607
-210
-465
999
550
-411
-647
288
519
365
-102
205
-812
282
-899
614
-171
784
330
-453
436
-625
-972
-866
-405
-244
-989
722
819
-121
677
425
670
-789
-19
219
-642
-109
-937
877
814
-39
81
-999
800
-261
173
-371
-477
-498
-267
516
-122
-238
207
473
518
219
-249
336
-903
985
-682
324
-804
-144
-900
-889
747
-837
988
117
125
-375
-324
-519
365
849
110
445
908
844
-483
-658
-395
725
372
-878
-57
-878
16
-403
-893
-109
479
861
747
579
972
50
742
516
-833
-577
-860
-157
-95
62
-752
572
-937
-845
415
-419
-502
-981
863
870
700
-195
550
-728
-41
657
-280
-563
517
-977
-985
45
73
315
-440
-203
295
-743
197
757
-123
445
329
-60
158
-700
78
213
-680
-60
-361
577
302
-812
406
-739
845
-875
-745
-82
-852
829
520
-222
-300
-921
133
995
895
-671
309
-229
332
-363
268
-954
-63
-654
259
-186
-157
898
948
703
-914
353
521
488
35
776
964
-260
604
483
76
-697
120
-792
856
14
-906
164
785
-17
358
52
29
852
-45
-713
-777
356
-815
-830
58
829
81
-422
-127
-885
-647
-164
-587
515
-681
489
375
439
254
230
-548
-95
951
794
889
308
-598
-83
-283
-85
-238
-60
-730
-496
110
-115
890
748
463
-238
421
373
599
834
-556
475
-121
820
-87
690
-394
-78
-406
-886
-728
-961
-21
-326
-486
696
146
276
-365
-27
337
303
858
226
-393
320
988
-973
-750
586
861
-749
60
-704
628
530
986
-766
-992
-420
906
-720
-381
-116
-488
133
-863
215
966
-671
-812
302
632
-955
-473
-761
-77
-485
824
-270
658
685
-19
-282
538
-391
805
524
-157
814
661
-695
651
-721
189
-838
-30
326
378
-508
656
566
795
-156
168
879
-360
-910
-607
-536
-180
-949
706
802
-674
243
-590
-870
-677
-190
501
984
115
152
821
861
-129
-653
-256
806
-161
957
-72
-367
-200
-904
-488
-2
-814
-538
19
-436
-930
-719
923
954
81
-668
642
405
-301
142
388
371
851
-235
-212
-278
112
532
-473
952
488
13
-859
846
109
-790
-157
-148
-327
862
416
-700
-858
-105
-746
223
-216
896
-816
483
37
130
-590
-112
895
199
167
-436
-270
251
-928
-782
-737
-787
-937
372
-576
-537
782
-346
882
-246
-46
581
650
208
-640
-567
-340
-455
474
255
232
884
700
126
-361
-134
247
370
674
319
145
938
533
-235
-134
514
228
-353
725
-334
402
-322
-754
51
444
-394
41
-897
-292
-486
-85
940
956
-386
-377
-406
37
870
521
-289
189
-335
-352
-722
-13
514
349
772
719
73
-563
120
308
-317
728
-692
-153
-675
-588
112
-160
-116
52
-648
499
232
-54
-465
101
-533
-197
847
-311
451
682
677
-478
30
448
-760
660
886
-83
-32
-875
-799
276
-471
-474
245
642
-77
-871
-750
275
185
482
-779
277
-418
-755
-920
987
-66
88
668
-833
167
-745
173
-36
915
-385
438
-561
-260
639
273
-173
-835
-483
-532
-355
-797
-725
921
-55
757
699
780
896
944
417
882
-566
-939
550
-398
229
362
332
750
-167
947
188
273
-757
-174
-455
70
-452
-381
95
194
-620
370
114
-118
126
-188
-339
22
-688
635
-97
-254
697
-991
-95
-75
-72
-764
-326
762
740
862
-409
984
-755
136
53
-207
312
-852
544
249
518
-343
-869
-799
26
-651
223
-105
985
683
199
681
250
-897
-838
735
898
-607
496
637
813
-914
177
-943
-221
-770
-593
649
936
952
-103
453
-835
-415
211
-251
-508
991
644
-967
674
-158
271
-520
-497
433
-786
958
383
268
151
195
354
-672
-191
-867
-442
-226
339
-507
-718
-765
503
-553
-622
-286
-247
-130
-739
955
-540
935
-204
731
972
-144
-280
744
-187
-898
11
965
-145
-636
-708
221
-946
-593
995
393
-100
834
186
960
839
564
-770
-409
991
-508
-455
-550
984
-101
738
956
755
-543
699
-432
-884
-291
-468
-29
-370
-619
750
-758
-212
301
635
245
135
-623
204
-27
498
-8
564
488
484
667
495
24
-435
232
-21
-681
246
-766
-113
363
-500
-24
891
-312
357
197
-70
-856
-502
-879
-54
633
-501
-850
-395
997
-301
726
42
-818
392
-907
206
957
-117
743
834
-872
534
-280
48
592
254
-504
-721
-390
693
-234
-688
748
-113
258
-63
-57
-35
542
-503
664
-175
539
403
774
632
-834
731
-929
466
121
758
-1
841
-195
-853
-349
-142
-574
-181
-892
-251
131
856
637
946
-207
-864
-532
892
-367
-869
-727
-829
92
-953
361
258
335
-11
-277
-545
-254
279
853
109
427
-496
967
410
323
632
-841
-990
45
353
956
395
489
-577
-157
680
-888
117
851
-239
164
-232
-982
-502
758
-702
-490
-940
134
-638
169
-440
-577
-307
528
746
-676
244
756
-74
-404
269
-680
642
249
164
321
-82
838
-271
679
1
54
254
56
-632
552
123
-571
-314
485
155
-197
909
848
888
211
730
131
-476
-345
284
350
-467
-517
-402
254
804
74
91
-911
-248
649
-299
-994
-739
69
115
384
498
358
-575
-347
719
-667
-943
606
102
787
-263
626
1000
578
-25
-468
-940
130
343
422
-797
-567
68
-487
639
769
-924
900
-162
191
-160
893
-894
265
-898
825
156
-840
430
-743
504
724
883
503
-141
-586
592
-81
544
-66
-660
305
-76
409
818
-438
-266
894
-539
572
-359
-142
465
-696
-877
124
-872
279
284
116
93
-212
-604
-468
848
255
-54
-3
732
-954
931
-929
351
-145
37
-275
-26
772
-825
-7
-100
-626
851
922
-322
974
46
-636
-191
887
480
902
-769
433
-567
-921
-755
-64
76
977
-17
-437
605
891
-25
-801
-827
950
971
-652
-58
-573
-278
-651
-651
-42
881
-48
322
-311
-162
-642
-852
70
791
-419
-294
-965
518
339
-989
-943
902
174
505
-566
373
678
941
-100
584
-118
327
863
-212
233
-180
-332
-816
-859
-85
-420
-501
63
207
848
644
913
883
-282
251
452
-668
-291
-818
838
-300
555
72
-360
-546
-345
79
781
-482
868
-429
338
-465
-245
37
450
-108
536
-488
-902
-60
714
-990
-620
989
-182
389
879
85
571
273
785
125
-656
-575
579
0
504
-84
75
-72
487
970
464
800
6
-530
-309
-901
-460
-210
39
811
-200
419
799
176
-193
234
-740
-623
-494
602
59
-149
-974
-363
408
88
554
-961
-985
-403
-992
36
-604
15
507
88
-329
604
878
710
414
-766
-314
-231
-33
50
-997
-216
428
-491
-614
-957
360
970
-319
-676
-386
792
-637
-370
-612
-628
223
-215
-56
-714
430
172
890
307
-119
303
98
124
630
623
-826
633
-594
159
-859
-208
202
59
-681
883
-60
-67
231
304
563
620
233
-657
962
734
-371
391
-95
-481
-746
343
379
-91
-533
8
-469
-359
-803
-62
800
897
287
-442
-45
606
999
452
-461
229
-245
659
-595
545
-999
-634
-165
-369
314
297
-293
568
-360
643
-523
107
-792
-435
305
-595
503
-339
-699
-653
219
-187
953
217
-735
-509
-997
-423
708
-592
680
709
-225
-486
897
-912
812
-840
214
-992
804
691
-328
-989
813
977
974
316
-806
-725
663
-30
-355
172
-813
-90
221
-810
45
-72
-402
-719
-364
-70
-205
-910
19
-837
-750
-768
-829
-947
480
-600
622
292
-624
596
-836
-873
428
384
98
-928
-444
-158
-460
777
32
585
-296
187
866
-103
-883
-783
-13
-307
939
-205
-518
667
-152
962
-933
-530
-190
-1000
623
-468
-872
50
916
-217
122
-972
625
662
362
-344
-197
623
400
-775
-480
74
-1000
64
767
939
416
806
162
-736
324
-214
-709
-866
-213
914
-334
-528
-37
-862
255
642
-833
-121
-139
86
92
664
-291
-952
447
-214
123
4
407
-554
-501
-177
-748
661
87
133
-553
-65
267
-209
-152
490
263
368
186
-926
9
-90
-490
870
996
159
91
-296
207
-906
47
887
98
-546
891
597
277
-858
-186
921
275
261
-588
-901
609
260
146
-129
-816
-669
-498
-250
241
12
-823
-206
728
-175
55
-65
-81
-898
-622
574
-444
-732
170
390
968
541
-133
-200
-198
279
-101
-590
-905
602
-161
-721
491
-102
-414
-269
468
-237
82
195
145
-863
687
-937
797
-935
194
910
-667
-637
299
859
905
-835
-342
-737
1
557
-770
96
-285
-374
-68
-795
525
518
-506
-8
839
576
744
-17
270
431
-396
66
53
798
-25
386
719
831
244
180
553
459
443
-447
15
230
649
288
857
-863
493
-62
656
987
487
51
120
230
-967
-611
-340
-363
456
713
993
988
-344
711
819
457
-110
-72
-527
890
482
45
-324
-313
-668
-911
-175
826
27
-520
369
-487
531
-512
301
121
-122
961
316
891
231
308
435
444
-425
-190
-543
22
739
-70
-89
220
976
144
464
865
234
-712
690
818
-675
59
-669
413
547
632
-466
982
149
407
429
937
-729
-136
-63
-154
674
-48
868
-31
439
-665
-812
-29
479
653
-164
-731
498
-475
-913
824
141
976
236
-755
164
327
784
-688
-267
213
807
4
634
-700
407
307
252
274
-724
-309
166
-979
219
-798
231
-946
-529
-271
-863
-885
-891
278
-910
345
80
254
-328
-136
124
-38
-924
-513
524
267
-213
-70
-427
-961
762
-594
-713
-73
986
506
129
-227
118
158
59
255
-170
168
-911
-522
-930
170
732
-701
591
-588
261
224
-101
-216
-510
244
715
63
-160
476
27
127
960
-431
-811
-354
342
307
361
959
-882
-810
126
-792
-332
196
378
958
52
-475
927
-687
749
-617
-346
-762
627
926
-142
-534
-42
885
150
-82
-990
339
564
353
-797
-519
-132
-679
-329
994
-471
-103
-253
464
-589
799
989
-663
669
294
-280
-677
532
-654
-752
-610
-188
207
-726
962
682
843
-142
-198
-248
-382
283
620
-61
511
613
26
965
917
-954
-625
273
593
-287
-59
-114
-10
-179
-582
337
-373
-192
706
834
-361
225
72
-519
640
874
233
-743
-287
-148
196
-777
-978
779
746
496
383
-880
-232
-25
-610
267
418
381
-913
836
-726
-286
-800
537
-896
-603
-239
176
-565
-600
-394
669
-343
-124
-923
411
100
657
-254
-598
-290
-872
-478
478
-340
-530
-256
-922
851
-611
471
682
-340
229
218
-235
626
980
498
-940
937
-896
286
-849
-20
-79
119
637
-866
865
596
-156
994
-882
880
-790
-855
-820
-712
996
-431
317
234
230
-455
-549
552
728
988
49
788
925
-290
-369
633
248
109
-249
-559
243
-385
-963
645
-835
713
524
-624
858
704
-779
410
-727
538
-357
60
-918
94
-389
810
-361
217
155
-437
928
343
753
-268
-549
-497
173
251
-325
-233
-105
-159
-521
976
-226
-664
680
-5
303
510
-910
946
-874
-828
-403
-263
540
236
511
-749
356
438
594
108
727
602
168
-100
-591
843
667
-138
-760
704
-163
-429
597
-484
567
-100
583
214
-155
709
-57
-1
-998
-518
792
71
-267
147
-935
884
812
793
485
-21
-308
452
-178
916
-687
-381
619
150
191
-227
224
-686
673
-637
528
-926
630
-530
74
632
-47
-135
-298
243
570
-232
-316
381
-883
726
-640
-634
177
-261
-719
490
358
458
-803
-895
-770
-22
-581
460
341
947
534
-473
-583
-836
-841
-73
-413
-582
727
714
-257
-590
94
-583
-864
11
-217
-130
307
-378
918
-335
-921
-886
-230
867
-351
-253
-117
547
-307
974
-926
-333
-862
791
151
-718
-792
-565
996
-491
-598
-354
-74
-905
658
267
-34
-36
889
-117
186
525
-446
514
391
203
-740
831
-251
-47
804
-177
178
499
-387
-672
781
-621
-680
776
-555
-277
-578
-72
-182
637
-806
784
-400
-918
-777
344
164
-223
-143
-446
537
117
942
-714
627
746
-334
-196
244
-163
-310
25
-227
10
-643
218
733
-664
703
-892
973
898
449
-870
537
673
474
-299
-551
-670
-188
544
4
-246
830
-370
-944
-948
-8
300
-111
682
882
662
-752
-761
-564
539
-868
-861
647
663
594
95
793
-313
-233
-177
-55
-226
-290
315
875
714
626
261
901
682
313
-108
-19
760
-870
-580
-22
-621
-341
415
475
-652
554
121
-990
-296
773
803
391
-903
-818
-664
-572
-108
208
-698
-395
-167
563
-937
-486
-125
-45
52
-809
-357
472
170
22
688
-416
-504
-964
695
174
-954
-602
-497
407
346
-400
589
239
28
-519
-554
330
-357
279
-551
-294
793
325
219
-598
73
862
874
-758
-560
119
-174
-507
155
-480
667
-242
-525
727
722
379
-673
-132
-383
-88
349
64
-758
549
900
-752
813
250
130
31
652
-797
-108
82
-555
-111
-800
272
382
-88
349
-395
228
382
-669
-51
-240
-342
817
-66
571
-278
555
370
829
455
618
641
-296
-252
-772
913
-49
120
-449
-47
566
-691
782
-53
-222
131
552
-995
-931
883
-488
-614
-902
886
320
226
-835
-125
-405
994
887
770
191
-853
-926
419
-941
-418
-905
-833
536
661
-524
317
-393
255
-996
716
-183
631
155
-114
-984
253
-228
337
-522
-506
769
-370
-513
655
958
678
802
-969
-347
418
-829
-252
142
707
-592
619
-420
15
-570
-415
-713
-196
-785
442
691
790
-305
-981
-317
-270
-487
-549
-82
-443
663
-568
-766
21
-980
-113
996
-809
192
137
455
600
-688
-965
-829
-701
-823
-542
104
950
900
-649
739
-849
-630
-579
-561
-117
-571
357
440
-909
346
231
112
366
675
-336
558
-134
802
12
-535
671
47
-807
971
-219
-349
-369
-269
-450
-18
-974
-741
352
-995
-302
792
-566
612
231
-917
-43
-982
-248
-678
693
417
880
-885
-225
-551
-863
-555
53
-670
973
835
-19
-840
-878
88
142
706
347
-950
711
602
842
703
213
-371
343
727
-353
-906
-951
-661
68
486
-546
843
492
-409
846
-455
-522
375
937
459
536
-942
-896
-323
321
8
-715
32
-390
-874
-709
380
-244
634
-336
403
285
-287
300
-647
756
311
753
248
460
598
350
938
-27
286
-46
-935
-99
58
-701
-779
623
-416
-190
790
-289
-342
170
24
-709
391
984
577
661
-160
487
416
-849
239
-780
168
-163
127
105
367
-588
616
432
-130
-327
731
92
854
-685
459
643
-417
-883
-631
164
966
760
147
542
420
545
-415
-164
696
825
-387
-580
-782
741
82
585
710
-302
-427
-420
-72
861
672
-219
733
130
-576
873
-196
-207
36
-230
-447
741
869
973
285
-546
-635
-463
-722
-464
-43
-504
-724
-962
638
986
-707
768
-435
222
628
794
-998
361
-519
-574
-210
285
-223
827
612
330
567
481
-141
-592
935
225
-55
770
318
459
823
594
54
460
136
348
227
259
-874
-589
52
-872
329
90
-888
-881
933
-111
946
544
776
69
24
-366
34
-485
416
979
-716
-267
-6
-894
884
-953
123
20
-48
907
-722
78
-682
-113
207
204
978
-124
323
910
765
-175
10
97
451
-966
731
-516
-451
-296
-981
-609
-6
13
-503
-122
-382
178
455
570
84
733
-795
-41
-824
-31
721
711
845
-400
177
166
426
-813
-738
-567
-779
550
-82
-673
-747
-506
-282
-195
508
-227
683
683
508
137
-191
-852
-574
14
108
-398
540
-615
871
384
-15
47
-894
968
234
-632
-599
455
476
-124
340
729
370
-943
-910
-566
-613
773
-884
895
-534
-517
-957
-108
54
-292
52
-406
93
-78
978
635
526
-916
603
-240
-991
-997
772
485
-121
111
-229
-752
-274
-139
-760
-330
-809
914
-435
-343
-604
-835
107
451
-570
716
-956
80
-806
579
-286
720
663
-684
-964
230
877
809
-729
-245
-524
42
-439
-241
461
-199
430
