19760
-286
552
-692
-332
274
-28
-882
704
-313
-838
-217
-119
298
497
-842
-39
371
-806
748
247
-998
-982
-998
-964
-382
-880
-205
-922
-522
782
730
-251
-110
595
417
-837
-433
535
867
-189
254
-794
693
-448
704
408
70
-369
602
-626
878
162
-608
437
198
10
114
550
88
592
332
-626
-659
-779
970
758
-615
-907
-150
809
-96
661
-985
-847
770
276
561
-161
907
-280
-230
341
882
163
-222
79
730
892
-815
-625
41
517
-251
382
296
-725
-304
681
-632
103
46
-170
-679
-382
-460
-910
894
659
-513
357
-622
257
-302
-741
977
33
-105
707
-519
80
-919
79
-846
-170
-983
450
106
-729
-313
31
374
733
418
252
-649
959
343
802
617
830
-284
552
-357
-29
368
-380
-997
820
-674
-959
-101
965
-322
-390
-649
-305
617
14
-34
-697
-955
898
594
20
149
502
-22
-952
303
-849
435
576
703
-922
-454
70
-745
-894
-111
-862
-852
346
-898
-174
513
-547
78
130
468
-956
433
70
499
26
-911
-353
-916
-375
-304
-55
-224
688
-480
-521
766
67
106
-980
173
553
-842
-122
-102
818
704
-590
-729
-661
540
296
-617
-470
923
882
113
569
-915
198
751
-662
-858
-473
-974
-338
-437
792
729
226
370
-541
-222
85
337
233
-97
-402
644
-269
-63
-260
584
-123
-173
63
-242
941
-369
-600
138
940
-261
280
-977
-235
499
-414
-887
-215
369
483
244
-853
-875
-420
380
28
178
-420
316
672
-122
-101
-452
705
962
306
645
-851
264
-661
646
-998
176
669
-233
-325
812
-120
17
181
921
-740
328
-955
-603
-736
-370
133
-598
946
-196
-163
-599
353
-459
920
-785
744
626
479
-918
272
481
259
-60
805
491
-248
-758
-493
933
-838
-676
-183
765
-279
-362
952
854
-403
454
-342
434
855
568
533
331
783
276
-44
262
-85
785
-701
731
-275
-896
-222
34
-654
-158
-477
-935
166
-103
387
445
535
338
298
690
-652
513
123
760
80
-788
90
-580
488
603
682
961
388
538
691
670
642
-974
-297
545
-132
226
610
-966
680
-4
479
214
891
-667
-540
-762
404
584
998
-960
796
-356
-540
-159
-753
699
-642
192
237
-952
-139
-565
-926
121
981
-500
904
147
-466
583
701
570
-647
148
460
-186
387
-137
-603
-59
-96
750
586
-79
-853
390
-380
-495
-419
414
-889
-1
849
743
-881
386
-758
-978
-467
-224
605
791
903
958
-62
-80
-229
882
783
-275
-177
-757
-968
966
-278
-821
-88
-101
-758
493
-688
-647
-509
718
-905
-833
-339
-662
-811
-249
-329
794
-459
-869
308
479
51
637
-82
-610
-639
298
-809
-607
263
-87
-870
-826
812
-628
224
681
-718
272
-45
935
439
616
830
628
-634
-499
-22
-93
-811
843
944
-203
479
-139
187
841
-842
378
791
-22
848
478
-291
216
407
490
-547
689
-239
409
624
757
24
453
384
391
511
919
855
700
761
798
-947
240
-785
241
-363
931
-825
985
-535
581
463
174
-204
-131
-337
250
-442
-19
-785
739
-263
239
191
678
-371
-741
153
-959
516
-86
839
570
711
612
-190
905
542
-458
889
565
-878
351
-262
-524
-780
-41
283
-665
497
498
631
792
-707
-179
469
-77
-363
-378
-479
-847
93
-641
723
-197
528
-911
-736
-373
-812
-848
-809
869
61
-514
902
-162
2
184
173
-501
-762
-197
-710
-469
181
316
11
819
938
532
529
-413
449
-192
390
-467
-546
654
160
-358
364
-92
-490
-576
395
969
262
-604
152
992
-548
-53
-206
-701
36
532
616
-954
-93
110
136
-565
698
-859
243
-356
-326
697
856
392
897
219
-701
964
200
251
933
-539
648
-359
-548
657
589
-197
957
-376
-666
129
-773
-201
-762
-80
-209
493
61
592
-863
293
-155
550
-316
-259
-675
-460
-295
525
792
-363
986
-4
-165
995
-348
-577
-203
-835
-396
-312
294
-611
44
90
309
836
-418
928
427
-724
-223
-729
826
18
13
-850
558
275
675
-94
469
217
902
-697
-232
-889
-716
565
-724
-555
811
128
-166
-146
775
701
-311
-644
185
673
-810
519
945
-985
-464
-486
724
651
789
-45
-443
-186
730
-542
-326
-503
-874
-42
620
-597
404
430
88
795
841
-138
52
-913
-225
-764
760
-35
755
704
-462
848
775
819
499
120
-227
-945
934
-498
-930
-835
-443
-803
123
-824
-843
-917
163
-198
436
3
221
-513
90
996
-719
-150
-482
-965
-890
56
441
443
-126
-61
-438
204
-449
-947
264
-822
-782
821
933
-102
997
-911
-461
159
-552
975
719
669
-539
-191
665
-258
216
-818
-665
-117
-205
776
883
226
-729
-555
-571
-178
-945
693
-443
831
70
-510
-272
-377
-864
-176
339
-415
-202
58
-747
260
424
475
559
-361
214
451
79
566
226
-38
-209
54
-36
221
433
-424
-530
991
-594
541
-520
-309
-837
-384
516
503
201
871
-883
12
-313
541
-957
-754
737
258
697
-628
-177
-520
-109
172
534
855
-608
-33
988
-581
-486
951
517
-6
-358
681
167
715
-260
-632
142
-143
-63
830
955
-20
633
691
795
-114
-938
-382
366
-46
790
-543
-635
739
-19
-647
715
495
-697
232
-955
-498
-531
212
774
209
137
-84
623
-927
-698
134
-389
935
-619
-595
-180
-557
-420
744
-46
-631
758
-123
665
-262
-213
380
790
-353
-389
835
-293
-363
46
-520
846
-817
-47
25
814
-188
716
-576
-254
-904
-613
124
-904
-33
-576
51
-106
-819
485
-442
-524
-729
495
-735
-525
663
657
182
-701
-741
220
702
1000
730
-717
814
-458
999
795
-155
-906
-819
526
-809
149
950
-201
-958
688
-717
-843
721
-889
210
543
-857
-128
199
326
-271
459
-898
-570
458
832
-729
-172
931
-731
-820
-224
-636
-639
-699
-888
67
809
-89
-334
496
-249
-619
217
-138
591
-684
5
-981
516
888
-695
-469
990
-264
546
379
7
-626
309
-167
-889
642
197
-528
501
-134
97
309
777
320
-639
-473
701
135
-54
-152
452
952
-132
-476
396
-270
55
386
466
-400
-679
-971
-469
187
-580
-358
-614
174
-328
887
-960
326
195
817
-355
113
902
-654
-752
-153
194
700
-645
619
-777
752
-651
-165
-306
372
-8
15
-41
524
759
-64
723
-856
-891
952
-970
-851
277
-218
524
923
896
425
-732
-857
-729
19
400
-373
-805
180
-622
-899
-986
-371
30
6
644
546
-914
-41
-519
810
104
-409
761
-309
-703
-405
474
821
-483
-74
245
-658
-374
74
361
-975
701
113
205
636
-229
-224
-736
802
339
465
-96
426
-577
386
-208
84
534
-891
776
831
-296
-194
652
221
732
-547
563
-643
527
-519
940
-216
151
144
977
923
477
-760
724
-185
262
-373
798
243
570
-411
-674
103
-744
659
-509
-40
-536
700
739
-805
-848
-142
-891
237
339
-952
578
-510
-251
555
970
-775
352
693
-402
-386
877
-605
414
447
-458
740
-894
-202
399
-403
315
863
-704
53
616
-551
912
725
243
-193
331
-180
-146
-921
-626
-177
863
284
-928
-540
455
950
-588
-132
-47
-46
-393
59
309
563
657
-376
-17
953
234
-845
959
-298
880
201
67
-233
-979
478
-153
953
859
-291
236
931
169
-310
437
138
558
-611
650
723
6
-42
-158
-338
139
825
-829
931
537
-870
-368
-26
-112
256
741
-534
-266
-413
-581
-408
-147
212
-921
579
460
517
-283
-426
463
-634
-704
-532
-119
-304
-313
-980
-923
-141
508
615
-454
-861
-412
434
-47
-672
901
244
-84
877
836
769
88
915
348
-453
-12
622
122
-549
988
-25
-524
-132
671
164
-555
749
580
953
363
-875
650
508
559
-398
836
16
846
-692
-108
238
635
981
-291
-461
-916
255
-840
206
263
705
739
739
-428
409
-541
-425
-286
-962
-473
634
-837
734
141
280
-665
-23
-705
738
-158
188
-468
-524
-275
242
15
-191
-947
-268
573
316
-564
311
54
-434
-724
71
141
-9
109
668
-819
-170
402
323
-891
294
857
-596
-411
-302
149
121
-268
431
920
304
798
973
-964
370
288
-971
-763
900
-405
-487
-30
736
61
636
-39
243
-535
920
-878
-426
-230
979
-464
359
-767
242
-963
-478
-327
514
827
-530
487
420
397
-669
449
634
788
-956
704
-243
337
-678
951
-703
122
-585
774
244
-453
-456
-221
83
460
-431
-676
54
92
-3
-432
-82
24
612
895
-580
943
343
611
731
-56
315
-956
-719
637
995
-865
-242
968
467
559
-486
-990
-663
597
27
-94
478
639
555
-968
-794
-528
56
375
924
34
317
267
-356
-396
-790
959
-794
-952
152
758
-816
467
725
651
25
-762
218
-81
392
802
383
-573
440
-63
-541
203
-33
72
-423
-110
-895
452
714
-693
613
925
823
819
530
-25
577
714
999
-142
-79
-419
-346
696
500
603
498
-561
-971
-506
377
-512
255
901
118
832
-653
-220
283
-939
87
-547
543
-90
-729
72
442
405
-657
440
821
264
-980
-526
-483
78
-924
572
74
664
-935
-550
709
-123
908
-174
-291
-745
607
549
-684
-750
-999
416
160
831
-513
-842
-208
-170
599
-388
652
176
-357
-832
811
-723
297
-115
941
362
-108
649
-761
-200
-968
-495
-388
196
611
-515
446
170
901
-394
0
-613
-236
792
-225
920
962
-574
-347
-396
-849
-537
-119
448
-95
-622
-634
798
585
-838
-846
617
-776
-677
-188
836
-192
-743
5
-735
-580
-996
-348
-258
353
-16
-782
314
410
-129
476
118
-108
914
-435
797
850
-511
151
434
-349
-138
50
-124
185
419
-732
550
233
273
815
654
-166
-976
953
-814
8
-830
58
976
-401
-910
-350
491
-997
-227
-156
853
262
996
-157
470
-143
450
903
600
-132
-830
-294
659
443
-479
-131
834
-898
-179
578
-333
-9
-808
-801
147
-718
-150
-363
843
623
482
253
-559
34
-905
911
448
546
814
47
971
984
754
629
-16
832
-503
-626
934
318
952
-843
867
-857
-643
13
-575
207
208
826
-171
-311
78
270
280
173
-263
-273
-725
-450
332
-754
-909
-358
432
-368
-527
930
6
964
-196
-42
678
-330
-342
-966
241
84
241
-552
-91
627
-306
544
-547
974
-727
191
-743
-451
298
589
-205
-54
-770
784
578
-740
713
-859
781
-483
-344
459
-256
314
493
542
955
-709
547
-137
918
798
964
929
771
-763
119
586
-214
974
174
138
-80
-38
-79
-946
-221
-809
-805
-883
-292
-149
133
9
-835
-818
-449
-881
-527
655
-460
949
453
-497
877
-220
-703
-448
-635
83
-475
97
778
445
616
-744
500
-606
-553
252
-932
-288
-897
201
721
826
384
829
502
414
484
-959
362
-507
-898
-205
273
-601
347
196
40
430
-708
-626
-126
908
-370
931
859
77
183
928
789
-157
-315
67
-332
-932
-548
-831
40
936
769
-599
986
871
-246
259
827
-900
-546
-577
530
-697
-645
962
-790
-15
449
626
620
-369
110
-35
31
796
-969
699
421
-959
426
-540
977
194
-581
963
-379
173
-222
-996
-170
-211
-572
918
92
-660
879
302
325
327
-516
-499
516
595
467
-454
390
55
-755
-633
96
228
-615
-370
-579
-196
-851
42
977
-73
-397
-637
716
-412
-720
-636
-72
-842
223
811
43
707
-689
-885
301
778
-339
-753
-610
-537
-828
43
691
-443
673
669
361
379
-733
-106
-695
-129
257
578
459
95
942
-613
-190
164
-803
853
-572
-935
968
286
401
-814
534
791
-351
706
-167
898
820
-937
566
180
442
834
631
305
-296
-556
-561
720
539
-619
664
-651
102
418
759
87
484
284
-627
-116
470
464
-326
676
-274
64
573
-455
127
139
282
-874
-471
-88
431
233
356
870
-491
-105
808
-827
-199
-533
591
-441
554
74
843
927
515
-131
390
-812
-455
673
-190
-883
-783
494
-187
499
620
342
-590
50
-869
324
-80
-359
776
-273
-186
-424
-249
962
-308
-695
-407
-908
789
-893
-39
-264
854
506
-592
-337
181
-374
-844
994
-876
334
336
-908
-617
467
416
-140
665
-252
145
-965
324
896
998
573
-800
-853
665
990
-746
-817
-718
665
246
-310
885
-574
316
599
978
-2
-68
-130
-353
-128
894
620
733
559
-633
-123
594
248
-228
148
-623
-470
295
-958
-924
107
783
-642
-672
28
48
-787
12
922
812
-454
-524
-700
416
-320
172
-134
-701
-96
-576
-777
338
576
28
668
-720
405
-803
576
4
831
-761
-214
-812
-876
372
-207
-663
941
-729
706
-514
-696
-995
459
-16
-265
-676
-160
639
-251
-380
-466
882
648
-799
-839
-390
-602
294
614
-772
90
958
974
215
329
-677
109
-174
-848
-185
312
-544
-623
-673
-2
112
-349
395
-692
-43
-985
-158
-162
220
43
-443
830
-2
851
444
-217
-59
401
-687
713
-714
-807
-179
112
-655
193
981
-641
571
-693
357
-761
-42
-249
-896
473
-677
-497
868
544
103
-576
373
658
833
-184
-560
-670
774
-690
-958
-941
-496
-580
-272
-151
614
-292
208
-259
15
-879
-463
531
-570
-358
-440
-247
-298
-573
854
363
-591
227
20
799
600
18
-872
-69
328
728
-10
832
-853
276
-762
318
984
3
-942
-444
125
-847
-914
112
-648
-354
865
54
-370
276
-584
-404
-498
437
-606
659
-989
-478
-411
339
807
137
171
512
-588
-34
-171
-605
969
-555
-49
-350
-402
-406
762
-493
-203
627
561
428
-541
535
-977
-39
-472
976
-824
-461
-946
-234
878
862
903
-395
373
872
128
759
-734
97
761
-225
747
916
-74
509
-578
724
-308
541
-292
151
-368
-712
669
160
-737
845
256
-682
-390
-310
737
-931
296
-334
941
981
-576
765
77
743
-904
-619
215
22
890
195
-698
-862
-265
10
-154
367
-144
-486
-917
119
916
339
-6
-917
-972
-270
-848
-119
396
651
-138
378
415
496
-323
511
877
892
-911
323
86
-608
18
378
-41
864
-256
815
935
-616
-509
851
280
42
934
-134
773
-915
304
-275
293
-835
-898
-293
219
-221
775
-348
-772
422
976
314
371
-7
-308
887
-143
-7
259
-209
378
750
-802
-786
-209
-869
80
-880
775
-616
-154
67
-894
-52
332
325
285
-337
978
513
-916
510
-174
12
-498
75
-101
-84
-932
-843
265
3
464
463
217
-746
152
855
933
-74
-762
-222
993
-656
283
-119
227
-433
545
-239
637
186
-730
-980
-802
-671
95
-346
-197
-280
-189
-933
280
-726
87
-503
-915
-762
-649
-983
-279
-854
-205
-729
-953
636
152
274
-798
-747
592
397
-3
419
417
195
749
-932
849
-449
-654
-784
-825
626
-510
-181
680
-425
-385
-970
-850
336
734
-498
607
782
-863
-241
-388
898
-431
762
294
566
180
-733
-683
-72
-665
723
36
-762
939
-232
865
986
145
544
-882
760
132
-732
95
-135
-230
-298
-797
-92
18
-627
-638
587
-866
656
-290
314
480
27
-758
372
-250
-165
611
-312
161
475
-326
-695
18
-208
-936
-851
-383
159
-428
387
418
-225
852
993
148
-787
137
-161
426
847
-847
-95
-127
953
-723
623
-656
888
869
505
362
-901
810
937
-109
431
644
65
-410
-785
-549
565
-453
861
115
253
-927
-749
-909
500
-903
-756
962
-473
754
-762
708
-902
683
576
603
44
675
-30
-462
-878
-600
-819
187
-453
954
195
-888
-500
55
227
310
-314
35
402
743
132
203
704
216
-43
500
-77
-388
182
-502
-786
784
730
184
-679
852
585
-941
-405
-869
-988
348
801
-931
-598
-416
380
-355
619
-662
945
-693
98
206
524
612
-295
-554
-777
444
-55
-562
-216
-326
179
-338
-917
-680
-279
-322
-548
-710
583
810
918
986
-606
-146
-813
570
192
690
878
-711
-105
401
902
157
847
-876
-400
-652
-881
-58
-420
-144
604
-780
176
883
-545
185
-828
-962
-5
647
581
-54
-500
768
-485
692
457
-608
539
909
350
-3
65
-246
-322
223
-341
-645
-836
-204
211
325
16
-614
207
472
129
-63
510
-877
-417
-353
-374
84
-586
141
-668
429
91
871
-106
998
-576
960
-692
103
-261
-32
458
-540
764
-332
785
-220
-389
-8
809
740
929
-125
420
-932
522
-955
152
493
-256
485
-79
392
-88
373
-54
337
332
255
997
628
-778
454
-913
986
679
872
-678
-711
-580
-870
587
906
5
6
975
-474
-391
126
-981
-90
-833
-503
-699
-363
870
247
531
-242
-499
527
943
-720
-463
-971
824
-785
459
-855
-939
879
834
205
785
-162
-789
759
-78
-623
-559
-502
287
-391
-448
145
-197
980
-609
-667
-706
-550
417
-763
-713
954
-734
-890
726
282
814
344
161
647
-451
-498
-959
-683
818
-480
-306
-742
18
538
-576
128
-318
227
107
73
117
401
80
-467
638
368
-514
462
35
769
-700
-152
113
18
-506
219
520
-464
536
337
-387
787
153
632
324
577
-241
-995
-639
423
-365
478
-177
273
-989
-982
-360
-946
37
675
381
337
-920
-507
-645
-426
269
875
-333
-639
-231
281
-853
479
-531
28
55
-215
33
-27
-793
225
-549
-413
-503
-981
-395
-306
631
642
927
11
-464
-994
61
-109
-863
887
-678
-638
-753
91
643
952
-431
669
-21
182
-547
569
712
-783
-206
720
-196
-152
739
410
543
-73
-392
469
495
144
32
-887
-966
169
1000
915
531
805
-438
-270
756
-311
956
-265
871
966
-697
582
-818
-346
-141
-13
503
-403
954
45
81
-882
-930
-867
-180
-341
-754
-146
828
803
-675
-84
607
-112
203
363
577
159
-903
4
-319
958
-858
-136
-388
1
408
-886
156
-82
-284
-764
36
-657
927
856
2
-828
-733
-614
533
-851
-141
139
37
620
-942
-387
-665
-845
174
16
671
317
437
840
875
-156
511
30
319
-774
-176
913
-874
-250
325
-315
-520
592
-372
-988
742
488
151
-665
-336
-233
-494
-1
-521
680
-986
-851
-447
452
989
-572
853
499
15
172
282
839
84
-35
-854
-592
650
-374
558
-722
-805
-144
323
-97
191
987
670
254
-15
-851
-66
-444
-702
44
565
845
29
418
343
-956
-411
-818
440
230
147
586
638
-646
769
-248
-368
964
608
512
-133
-644
498
-464
610
-961
-315
-900
-848
-459
145
718
-615
-827
135
728
775
281
467
215
-490
-386
-643
705
-475
-874
-986
157
647
622
-775
-487
535
280
-393
-298
-124
-151
-198
28
390
504
-255
775
235
437
60
9
-283
-474
-777
-216
-303
-862
-954
222
-736
-940
936
468
239
718
982
-226
-3
-855
476
873
-6
835
-99
-616
339
203
716
-427
-360
-668
139
-86
-141
363
699
113
58
745
893
322
362
385
-211
-400
103
-673
-69
-901
-971
964
973
24
799
-570
-35
-306
633
-763
267
-728
-430
-595
187
429
325
-558
-902
-618
744
548
261
-338
-67
608
262
-965
492
751
-866
522
714
664
-898
69
651
67
763
284
304
-414
113
431
-451
857
-141
431
856
-485
371
599
-938
-369
-740
-5
796
80
-413
288
-170
-721
-634
-900
500
-532
170
151
92
-511
-566
953
76
104
384
625
-482
800
-388
-627
872
983
530
935
-386
790
-514
967
-574
-369
254
-187
-90
177
-86
-591
202
641
560
-707
-871
551
804
-238
-788
-256
944
-270
-900
-444
103
973
-462
-811
464
-291
980
950
-324
963
-863
487
-224
47
-336
247
14
866
-113
-427
717
-427
682
77
336
894
821
-164
-820
921
392
-160
450
488
30
-87
-804
-434
-580
-571
-472
-443
917
-139
605
-863
-893
-382
560
-6
-252
-167
125
987
910
-983
437
287
-147
617
-235
-755
-986
-786
733
44
128
486
610
548
916
695
-896
832
-444
266
526
-337
441
85
215
747
919
897
733
385
914
170
-328
-234
-657
437
-432
915
208
858
-42
-665
344
-876
440
-184
377
545
-353
933
-633
730
-848
809
-186
-76
555
-711
-180
-156
232
-267
571
904
57
472
-103
625
386
662
483
902
998
-617
-975
437
199
402
-462
403
-109
-94
132
-399
-729
503
525
383
350
903
-774
-419
-365
355
-959
692
-174
-62
-126
769
-401
-644
670
-847
-704
253
148
495
-346
686
-103
103
-409
586
261
-581
-355
-215
802
995
-313
586
-425
-120
-60
-384
-872
323
111
2
91
268
-85
-239
421
211
-987
-432
-738
-776
812
-284
-116
960
859
-856
-621
-496
-513
-820
-502
174
766
74
611
-738
247
297
585
-642
-702
-324
626
-229
-6
-397
539
7
172
359
-212
-460
-926
673
-501
934
374
-122
-563
861
-384
-508
-408
939
566
-798
-799
-187
499
786
-272
355
-982
-647
683
-431
-487
221
133
242
-421
922
782
-789
151
-719
-856
-476
-284
-862
-615
332
-813
-466
271
311
-264
472
681
793
-186
-592
147
-610
-682
-171
-41
-169
607
-908
-927
-814
571
855
955
-279
693
656
-198
-591
351
-256
741
538
278
-432
-152
572
-961
-472
364
-589
-64
-933
-642
-189
-547
317
643
-941
-34
273
803
-464
-316
757
-186
-623
412
174
-214
-238
918
-917
858
196
-348
-295
-676
-752
234
688
-784
727
755
-426
-462
-793
449
-820
824
-586
10
627
-492
694
-60
322
-930
-648
-505
-587
-329
971
-946
-472
-277
-737
-209
47
-489
-976
-709
-715
308
-955
-584
846
810
865
583
633
837
-408
-184
-656
-714
757
223
914
666
276
-673
894
246
-619
980
526
-356
-230
-428
-288
-649
-137
-446
659
-535
-29
62
832
-608
-356
21
-772
-206
395
-428
-363
151
353
-450
-627
-372
-566
824
431
-185
803
-44
16
-871
85
286
-520
505
397
697
527
-633
-242
358
-240
-41
-622
-12
310
773
118
947
-520
-530
-503
-590
-345
-69
-766
-915
304
594
-402
877
724
683
162
-797
187
-441
900
-730
-517
-786
628
-200
174
563
789
-960
-107
-537
988
-70
-510
-516
341
145
-28
132
230
833
-275
385
710
-552
67
-572
-791
811
-456
666
-920
28
881
265
828
-389
-173
173
-349
277
193
-362
-793
683
-321
105
-173
209
-764
614
41
-482
-2
-693
-33
622
-264
176
432
280
-602
69
865
-722
-667
250
-554
-282
980
98
552
173
293
759
-145
530
-580
240
-262
-787
-147
336
-268
409
644
256
30
-621
-569
-981
216
-171
-355
81
-335
-21
888
111
254
867
766
-195
39
59
-879
452
-412
-902
-309
-117
-688
101
-782
44
-491
862
857
97
798
-713
116
-429
-327
761
652
-105
-704
96
-994
107
-38
329
470
559
-613
148
10
-468
246
701
415
115
-199
634
716
-132
52
572
965
-593
416
-363
-22
647
955
-814
-459
-749
282
-896
-85
-757
434
-616
802
378
532
-632
911
-665
-932
325
450
-573
-485
-277
295
568
-706
-184
975
268
453
-491
-86
407
-305
455
215
977
117
-870
777
-893
-929
136
485
604
504
395
496
573
-280
-498
557
-208
225
-149
-641
77
667
891
-656
-324
-601
258
640
-349
-731
-145
-373
-57
-458
962
50
-387
97
-465
774
-400
930
-174
730
-794
329
286
-1
-890
694
-85
187
-83
-637
88
593
-681
903
233
-29
-828
645
598
-328
-814
559
723
-644
-788
815
-870
-630
301
-44
-901
508
842
-57
-937
953
-807
-465
-304
111
-102
785
-740
218
687
50
-812
416
-306
343
-912
-563
-98
368
-206
-329
182
-519
41
-518
-6
-302
547
-164
641
610
-655
391
-855
41
-499
-400
-618
-238
818
627
812
-995
42
-937
-94
-313
-500
808
-946
-149
-522
236
332
77
276
884
775
-178
-724
-28
990
-379
-638
692
219
-136
-709
602
183
667
-215
-6
229
827
-386
-866
-486
115
499
-875
523
535
-81
-588
-389
-806
-705
-615
-427
-429
357
-881
-251
276
811
525
-861
660
-317
-121
326
468
431
-889
295
-956
-754
366
-284
745
48
-761
-164
967
-349
447
718
-497
389
-709
-369
-698
-590
-63
579
779
-539
275
-5
145
-846
-680
-831
585
989
21
629
-766
-614
-655
537
-8
-416
-628
-42
-208
377
-324
295
-235
-476
926
68
-509
-138
-354
-731
-120
921
264
582
632
141
752
216
130
-228
-155
-79
-284
-253
-543
708
-112
-613
-778
680
764
-102
-469
-472
-21
-987
153
471
-568
356
297
312
277
-882
-106
-535
259
-798
682
946
-26
-917
-133
247
-170
-119
-46
718
-175
177
-46
-855
632
485
-326
-389
55
384
639
487
-260
-65
-645
574
53
-194
-962
870
8
720
815
540
803
-762
-214
-811
-323
741
907
502
-526
-583
205
-895
459
879
-727
-487
-181
469
557
559
-596
913
-311
14
-282
-272
-117
284
-996
-745
-177
365
-950
609
554
-273
-94
461
787
380
435
-9
43
-106
-574
-127
407
-198
-658
-36
-639
-697
-567
50
317
-292
335
758
992
340
570
-629
-296
620
981
815
905
-557
-168
691
824
-733
-762
-577
161
-779
296
-876
23
195
88
-59
498
78
549
-185
787
-117
-871
335
780
699
707
-960
318
244
856
222
687
-313
-531
67
-489
-736
47
672
-515
-657
797
66
538
-559
-994
-407
520
555
-35
-137
996
94
-803
332
-208
904
-70
667
-296
-658
-554
-609
-414
-85
15
98
180
-938
-231
222
963
-878
-713
57
-436
852
650
641
-37
-386
-497
-485
708
-300
848
-944
-839
-666
281
-135
-324
727
-187
262
-802
386
917
-65
448
-314
-843
-33
-635
-999
-977
-514
853
674
-874
-184
845
-371
331
553
-113
-265
166
48
69
-997
470
302
730
841
-879
486
226
-963
-580
-770
-277
-866
197
-354
-864
220
132
989
-107
259
-639
-262
445
250
848
-669
542
-430
-64
-832
-869
964
470
861
804
591
-97
29
629
324
259
909
458
-545
-889
594
232
244
140
683
-941
58
978
504
865
825
393
407
952
-672
575
-918
-709
-399
501
652
750
-597
-320
-65
284
496
-600
-258
508
-488
893
-260
756
-411
-578
815
205
-601
-125
69
781
-733
-525
289
-847
607
-71
-999
766
987
654
72
947
891
-994
231
387
-594
530
-549
-82
-21
191
-770
569
170
602
-670
126
-523
399
-537
-256
432
310
-103
38
-762
-101
-640
-776
-891
432
-830
1000
-5
-42
-57
402
-513
395
877
24
-415
665
-851
313
266
-521
-562
743
878
-541
-956
309
769
-59
905
-994
397
822
788
63
254
515
63
806
-527
-995
207
-483
400
-359
541
543
863
690
-145
128
726
-150
-129
604
309
-528
-531
-366
413
-627
-360
-633
-805
-573
-13
6
943
-951
-189
973
613
576
-511
-431
774
588
-889
636
-166
-477
-680
-440
-69
-252
-837
797
220
-811
-569
-810
-880
71
-443
-685
56
101
-122
-445
151
246
-916
-680
-622
-427
-111
709
718
-442
344
-448
-362
665
112
569
-588
-168
366
633
21
797
823
141
-576
937
13
37
37
448
149
745
-749
233
622
-371
364
-489
-662
81
-374
239
190
264
-540
859
-167
-570
-753
756
620
269
109
442
967
90
-65
-463
685
529
542
-167
-169
793
624
-548
980
-13
-37
875
625
146
-330
-628
-590
131
-770
-200
118
-522
-445
-263
304
221
736
-173
-690
-330
-79
995
756
-537
-615
-414
813
-992
39
349
-448
559
-220
734
-738
451
-895
-328
-862
-664
472
256
-629
584
550
675
-639
285
-942
-329
512
-20
-777
267
0
-392
411
-631
-827
-994
719
-275
122
-945
-542
384
63
-436
-945
-242
-543
84
571
-615
-776
120
-941
-415
-596
675
-186
473
-346
-406
-260
211
-241
708
581
-68
271
-144
214
-608
-89
672
777
975
793
389
-268
807
-970
-697
-809
812
-20
808
955
385
483
-232
-143
694
-81
154
-95
678
-582
-958
-834
689
-102
380
-919
366
51
415
-103
-599
-640
187
765
948
47
957
760
-974
321
714
-32
-640
-962
383
612
-43
-464
-484
-809
-488
-885
-643
-800
13
737
839
-622
-656
-190
276
-698
-272
-538
-933
-325
509
581
992
92
-99
705
-940
262
300
443
-570
814
536
-54
-996
-953
-382
919
806
631
655
201
566
557
-989
-602
859
-261
-583
926
-29
483
506
-37
-425
965
-776
-365
-217
525
635
213
-105
170
716
-543
218
-667
-625
-420
521
-970
781
86
587
792
42
2
-913
459
-72
-384
-58
991
579
74
955
803
709
-263
-116
343
950
337
-931
665
794
-156
555
-832
424
75
756
205
-839
-101
-447
203
902
-802
-782
-614
-186
160
-624
950
-767
-669
309
499
68
-807
-602
-425
87
-532
797
-120
-131
352
48
-707
-574
-639
55
-856
260
165
-96
-282
-80
123
104
734
840
481
683
-927
369
-8
129
994
-258
85
-432
829
110
923
-735
979
274
313
-729
257
231
-117
-41
-509
606
863
209
-475
-15
871
-741
-618
351
499
-988
-281
-953
141
-731
-654
-775
-162
732
-108
-240
997
-129
591
310
-301
-596
-903
583
363
-412
188
226
355
270
768
225
529
-851
-868
-415
-839
-592
-811
-140
-323
-464
-358
515
-733
535
832
-736
-595
-21
131
104
384
228
-757
-254
374
-12
529
-715
-742
297
510
344
3
199
486
-278
607
676
582
-717
-789
781
356
-965
-128
-256
857
277
724
-456
939
-336
773
739
-33
-297
-716
-947
-12
-458
350
-946
443
910
253
-71
-812
-141
-396
327
-301
-628
108
-946
-593
980
-201
822
-186
-921
-635
-691
-700
695
-953
-176
-603
-669
-123
-58
-570
784
-4
874
694
806
-198
882
-336
-37
209
364
335
874
-25
299
853
331
120
-334
410
43
-25
267
-263
-420
-909
-308
-532
-32
634
-101
-248
-370
-228
-998
993
131
884
-343
-907
-351
578
-15
-478
-448
-717
933
884
-39
-845
-150
561
-312
675
-703
268
766
-11
736
-710
-377
-366
42
-190
-37
44
-198
651
-515
16
744
-309
-850
-715
214
-297
-874
-297
-857
87
-142
-450
-353
546
782
-499
-630
104
491
-894
395
671
-703
994
-963
-182
-405
-604
-532
80
413
770
328
563
-946
-459
823
-820
244
523
-176
660
631
471
205
412
530
576
-484
-423
239
468
-753
536
461
842
911
-945
-763
-621
-308
207
-852
-980
-673
-798
-882
-851
941
-80
230
-236
-421
-583
-765
341
829
322
-84
902
899
-846
369
-855
248
-613
544
158
1000
781
94
-308
-12
-201
-731
-128
-441
945
-422
-501
-136
808
263
0
-776
55
-659
611
-624
-186
69
-726
-474
996
977
774
-618
520
-512
-619
301
140
-370
846
939
-544
-283
-503
-599
295
-4
-178
-340
817
823
-559
-129
721
-949
248
-466
-322
522
60
-327
56
-610
-388
-425
-121
-450
433
576
-262
-165
514
194
109
569
152
962
-879
975
-379
938
354
-381
-191
74
-772
614
165
-94
-308
-775
579
748
-385
748
881
51
-703
313
-374
35
706
698
787
-186
-177
-62
-225
-56
-531
-47
-561
380
573
-195
-990
801
-582
176
-737
110
-42
399
-142
573
146
-262
-819
0
608
-636
-965
313
-939
379
685
-559
874
-984
-57
901
-30
382
280
-901
-814
291
457
-839
-977
277
271
-19
-325
686
-890
378
-577
849
-623
589
-787
970
-542
832
348
-858
-727
222
-841
216
-321
-314
-846
959
-658
898
-194
356
-942
-614
-368
329
-76
307
15
35
-316
-5
-117
61
-417
-347
31
42
-515
936
-259
-685
-286
-100
88
393
143
-201
-91
485
-304
715
-160
-689
-899
472
640
25
-665
-789
617
19
-236
-943
638
-96
-733
-775
503
-691
718
-756
-376
-568
-299
269
382
845
-933
-710
-114
-680
563
284
-369
221
-688
829
803
-352
597
420
224
-640
34
-582
265
301
-357
-676
611
-639
-432
792
-650
270
61
289
-329
-315
580
114
6
-301
-603
637
920
-733
22
722
-528
-381
-302
696
-21
289
672
801
-410
-686
-875
758
-768
-750
106
-861
520
724
429
748
-591
-435
-138
415
264
-184
-392
-260
-360
631
-539
112
-751
-283
-635
-215
-995
-964
-857
-848
908
-732
467
698
-482
-427
394
596
-704
-621
-100
-295
-499
319
677
322
-865
843
-939
-668
30
-920
445
-164
-203
367
621
-641
-40
321
-488
-576
146
536
-879
665
-892
73
-183
963
452
717
-333
511
36
902
-168
-272
301
-106
-383
-670
-469
-939
166
-115
-15
-657
244
945
665
313
927
-633
-151
605
589
-486
-323
-595
-524
687
680
-299
197
-728
-398
-972
-443
460
-521
174
790
10
-207
-488
452
335
-588
-304
-163
634
566
-237
-999
972
-633
590
-514
-398
553
-38
-712
232
663
42
61
822
70
175
281
107
-652
-373
-884
-302
-304
569
-967
109
822
-130
-701
-56
633
-700
-84
557
448
402
-842
0
921
-997
789
141
45
-151
-481
-885
-977
358
-221
929
985
-105
-816
-762
-980
-783
-96
399
-356
203
-657
834
504
-184
390
-49
775
106
508
695
109
296
-165
-846
702
355
827
282
-731
-395
-233
-747
57
-49
-952
-365
168
-48
-967
812
-845
934
645
216
-251
-408
724
-920
698
231
776
-194
-474
-833
-483
785
79
-657
66
348
-52
833
159
563
-216
207
-803
509
-841
788
-122
-686
279
-921
87
585
-329
-190
666
926
-960
441
-268
-877
165
249
465
-756
150
-470
149
655
920
-693
217
-740
515
-29
327
231
-241
-796
102
-963
-717
-812
179
-488
-2
-156
-563
-405
842
-274
-725
7
533
740
251
-761
827
-601
894
303
-736
-332
564
779
639
-110
-434
-603
-349
668
992
-509
856
171
3
-590
-986
-2
-438
414
281
-163
-580
-630
-867
228
-391
960
184
-940
-181
448
-272
-618
-217
-634
-171
349
-679
480
16
-688
529
-572
40
-912
-162
-388
-357
-43
-975
925
794
-555
852
484
673
-982
443
-587
-922
-738
862
-194
-799
-356
-271
-412
551
50
625
-434
363
153
-448
960
242
-53
-429
885
905
-404
366
255
-402
-225
-261
828
-207
739
-759
-572
558
660
234
760
-697
963
-653
411
13
529
978
933
-318
-914
892
481
33
-980
-78
-63
-384
846
-808
-228
-380
-512
-401
-30
-774
-603
398
785
-944
-369
101
918
-850
448
328
-280
-467
-138
-791
215
-52
659
-748
982
679
175
-525
852
20
-776
-377
197
-288
-220
-834
-504
177
564
-720
-209
752
381
-292
902
-615
-965
-821
-82
-102
-612
691
846
604
943
384
282
117
417
134
694
198
314
-110
911
651
56
-594
-172
-381
-757
176
-630
624
884
830
566
919
566
-517
-627
511
-827
-781
115
674
160
-604
-210
-424
87
-516
775
959
374
242
609
988
205
994
-394
448
169
-466
-372
52
921
-807
-472
486
-767
-99
-4
965
-323
-890
638
838
-936
985
971
151
-975
302
109
-43
-457
-725
-56
305
-732
107
-691
438
641
-63
-954
561
-313
-426
-397
-522
476
600
-558
-848
710
-921
547
331
621
518
-518
647
-624
148
-397
-523
423
547
782
249
-790
-909
-314
852
-415
-711
-31
-170
-579
573
308
897
172
750
606
-562
386
-290
770
-437
785
809
-791
-840
-487
-188
-363
494
916
977
-258
-874
625
-15
535
767
274
-940
-404
695
633
461
148
-639
-233
-689
-200
-848
21
-874
-284
-638
492
-518
-921
-996
-148
-283
498
-676
-750
-761
-993
875
224
542
198
-945
603
795
307
-208
255
-545
154
-978
-677
511
732
-99
194
-996
263
-315
-956
342
-311
-104
616
745
-223
423
541
-215
-146
-678
884
-948
-623
43
404
684
836
-785
696
-454
-763
-982
-944
527
-524
250
88
739
492
132
-362
-820
585
-747
482
-638
234
23
-296
-913
345
-413
-861
279
631
543
-481
23
759
-785
569
553
791
182
-364
-733
989
282
563
480
971
-800
660
556
-989
-301
475
245
722
-822
-111
66
-678
29
902
510
-872
-580
-468
887
-365
658
-3
984
-161
190
808
-173
-529
370
864
-558
571
81
555
139
780
-414
-617
501
-679
-171
-877
-357
858
-976
-847
987
-556
-758
430
-363
458
984
-823
854
174
985
-319
202
354
-899
644
-519
182
-245
620
-39
341
560
-982
219
-611
-859
863
804
723
573
347
725
372
-223
919
-171
-683
-905
-317
48
-921
-79
-750
-10
22
451
472
-796
764
-352
-278
104
-792
-259
881
-846
-561
743
958
720
-128
305
444
801
639
-81
-370
956
-429
-130
-439
-793
791
-189
197
-631
819
-775
-870
582
-126
-147
-757
82
151
-877
-207
590
423
-250
309
852
612
-691
652
250
228
839
-237
799
-292
324
-995
-945
692
-240
-575
67
-15
-888
-351
859
-35
-108
-503
-885
-428
290
263
995
598
-429
846
209
-562
54
-541
666
-107
-221
22
601
-898
-416
657
351
344
639
-583
-671
308
66
-813
831
515
-758
503
644
532
-235
638
-314
-106
40
896
332
-906
-646
-446
-13
133
576
-856
-208
-840
358
700
504
-447
-884
390
862
-260
135
692
812
377
194
456
-535
517
-350
152
-590
248
47
742
342
-42
-705
886
648
429
587
997
589
-55
696
-351
498
812
597
359
-892
-269
-393
921
-893
802
-67
-871
318
583
281
285
-170
885
26
729
-601
-122
614
-954
864
201
600
452
703
295
659
200
-336
255
-884
-228
543
-277
-751
650
-919
182
779
-44
-235
-383
-760
152
-499
-177
-119
-542
259
-949
-939
122
-191
662
-869
-489
-44
347
712
620
-842
385
950
701
665
-802
350
747
-62
-315
-741
703
-141
-943
-146
-82
-563
292
376
696
344
437
-625
-848
98
-494
-336
612
410
933
-212
568
-126
-263
268
-462
-507
-383
842
431
-141
-899
-310
719
716
544
-364
-848
-607
-989
406
737
5
781
446
-897
844
667
715
253
156
-498
-180
-971
-203
-913
-875
290
-739
967
-723
120
625
-33
-605
340
-933
31
493
-540
-401
-102
-804
162
-765
200
265
-922
-134
-464
331
-978
-405
708
609
392
795
734
-762
-945
701
-485
-268
325
482
128
-778
107
716
272
567
873
727
321
34
962
-480
856
597
-57
949
-516
-35
-457
-809
-426
493
986
865
288
598
565
361
-671
-553
-601
457
-774
506
-270
498
73
-398
224
-607
193
-258
-530
-395
-662
413
-447
-178
936
-347
13
-934
703
-2
931
-9
-405
496
-649
-519
500
-693
496
726
814
-775
223
-557
-616
-997
-607
134
-255
-137
739
83
833
-709
462
768
-56
-526
834
-796
29
765
195
181
-183
103
219
874
410
-286
599
-220
-61
-622
223
-120
939
616
-987
-317
-522
752
323
-689
600
-216
636
-899
-185
470
-695
401
-209
500
-862
608
-841
357
481
126
-929
-364
907
-433
-429
-314
448
-491
-698
18
192
-663
-230
-929
-795
-631
-588
842
-973
227
-132
-668
-816
659
389
-678
-177
548
679
-697
-769
750
-504
695
-683
67
-620
322
576
-761
-661
-676
-866
-334
-605
897
36
-193
295
63
591
-838
-47
775
378
-659
-904
-800
447
332
-940
678
82
-444
-71
-44
180
309
835
-245
106
-827
79
240
-160
31
136
433
395
-569
-948
-15
-850
-438
-684
529
-96
970
729
-650
302
347
585
941
903
-487
-547
-360
379
-713
395
-516
-983
-969
724
-586
-381
-583
404
-986
-595
14
-444
-445
576
-127
641
-521
-601
370
-614
258
-727
971
-245
733
-960
208
-628
420
52
768
904
-373
356
185
41
975
602
-998
989
564
16
-455
-882
-409
-25
760
71
374
-314
14
-368
-41
-15
-56
-309
25
-848
-379
-556
-239
-612
906
388
301
90
987
275
-752
989
-179
369
4
366
487
595
898
-197
-778
-172
46
237
17
562
779
962
811
-640
-887
-569
-638
-126
-624
-733
820
677
-86
806
-492
-281
794
329
-913
-646
-749
131
949
-852
492
729
-23
-463
-478
994
657
-700
955
467
-340
625
455
-421
-944
831
-597
876
64
317
238
572
593
-412
-99
237
-58
152
926
-553
301
417
-825
835
511
-303
828
167
-446
340
-810
-228
-36
645
351
20
475
755
-548
-462
-372
247
668
779
835
-432
15
-224
720
-60
224
-423
914
-44
969
425
211
797
-852
765
-307
-661
-907
657
541
445
-766
-427
-244
-757
-332
-59
491
-665
-281
325
-97
735
659
-820
-769
-118
-686
-855
395
-717
127
-395
637
275
928
-671
614
-980
543
-288
22
334
285
778
578
953
-724
-375
-712
-5
507
191
-714
165
-72
-925
604
243
-780
-1
83
347
161
-281
-822
88
-395
350
-334
-853
-939
688
482
346
23
-384
298
299
-202
586
851
-696
-666
-863
470
-181
-788
-370
-939
990
186
-299
-107
-653
420
71
-8
582
-580
658
730
-519
346
-232
827
926
-59
-318
224
739
-733
-369
600
-842
-675
-374
-22
-906
257
-404
-917
-558
298
-467
-654
-726
605
339
857
-976
-4
143
-937
899
468
447
824
-592
-872
-396
704
954
236
303
-889
118
930
89
213
-257
243
296
185
-460
830
89
-629
-9
-573
785
-428
423
-73
-365
-121
-606
640
-741
-641
768
-579
-938
721
657
-77
390
-669
-591
-965
544
152
278
-603
894
375
784
-18
747
-226
409
531
346
-611
-985
539
-175
-591
-265
84
-674
-498
505
946
781
-282
-132
-273
50
277
-238
-407
986
-960
-10
880
415
-227
-582
-282
104
385
-751
-993
774
-736
546
-845
-770
-720
239
-444
-661
-699
-498
677
19
370
-597
626
-796
166
777
-811
-237
-677
626
735
97
602
-547
758
-14
-298
765
-684
-477
-133
-529
-247
-296
267
-133
-399
568
369
-723
-856
-705
-762
770
-944
404
546
804
724
870
-14
15
-477
-413
468
838
573
727
603
889
-751
-974
917
-440
-269
184
-16
332
-249
-648
166
-105
-796
404
-778
819
-636
325
622
-913
-249
-836
103
-169
-248
-873
-331
882
855
829
771
661
855
244
778
-415
-573
-239
474
-264
-330
-360
631
-568
-957
410
-750
-592
-265
429
-948
486
593
-288
875
-656
-160
-457
-774
-749
-629
554
469
-775
-203
247
-632
-218
565
842
518
793
-962
-295
-776
-918
673
-969
-953
-593
460
657
450
52
-631
324
-46
-234
424
-263
-426
795
848
-958
578
-799
-154
946
-17
969
344
-943
761
383
-680
985
22
993
-985
69
957
475
-275
406
-917
-349
-713
-406
417
711
331
548
63
-265
591
-360
-63
994
-415
477
962
929
535
722
-132
855
263
890
404
278
-42
360
-691
241
-678
951
449
-391
-456
-577
878
433
971
-60
-833
561
580
-339
112
722
-862
73
207
673
-648
-925
84
615
965
-956
-550
-520
404
-241
278
283
-734
-274
450
-632
149
327
801
120
824
525
-763
-40
-814
-94
-319
882
980
445
554
889
77
-806
503
42
-762
953
79
199
-731
914
-519
-465
-361
931
-97
346
-186
-740
-978
-363
343
-741
597
86
166
835
-33
-298
-163
-923
-853
914
-729
207
-488
-934
160
591
265
-14
504
303
78
701
234
539
46
-953
799
68
-758
-302
-116
396
784
607
231
-250
866
-933
-173
-988
538
-345
220
-950
-279
937
641
543
-521
-298
-154
557
960
637
95
5
241
-549
630
483
-294
-930
-121
-510
678
667
-203
100
291
625
113
-172
-721
890
-122
-442
383
-924
-900
862
-665
-497
-25
-706
-861
-930
-144
381
-922
-515
-580
-659
-888
299
-169
790
-478
629
-110
370
-190
560
-802
-354
6
-367
-239
-612
-291
-138
-751
-399
-78
224
-105
62
-149
751
1000
-514
793
-581
-172
906
276
216
252
355
-599
699
-275
211
-185
-520
415
821
113
-825
766
380
-406
572
981
517
-647
-124
-865
204
-817
-866
248
977
-890
633
439
386
-595
-310
-702
-193
-611
23
575
204
503
-454
-418
-828
-278
-653
552
316
920
533
-611
-728
966
-476
33
-852
-785
838
682
-674
470
120
269
433
368
567
-761
314
-854
371
-926
649
918
-344
379
-804
4
-70
69
-77
-981
459
-248
542
540
785
248
756
623
-71
639
-351
607
-536
-919
-469
-969
878
845
735
249
919
384
-277
-425
-238
-81
136
249
988
616
269
3
-633
-633
-457
-849
615
856
331
-456
51
538
708
515
619
-762
103
54
640
-162
860
115
-779
-418
690
-460
58
-618
346
-398
998
-829
606
-636
-461
706
-927
-847
118
404
-746
-832
-59
962
683
-883
757
-214
171
-47
624
30
-932
402
169
315
499
-774
698
-156
-172
695
16
991
-941
555
696
690
265
-630
-350
520
-462
149
38
-779
266
-648
-436
994
305
-813
-420
373
146
306
-755
-356
532
943
488
917
637
-940
465
253
172
-283
-58
-563
88
593
514
626
-259
-449
404
564
-97
968
114
766
712
694
138
-143
-1
383
58
-913
-118
-897
561
-481
-837
25
329
-107
743
-729
-113
-613
421
-600
-988
-839
-49
-26
282
412
-502
-605
177
-790
646
872
-376
-356
-188
240
-712
694
343
849
770
63
-569
99
956
-827
370
-158
-883
-653
242
-871
-935
751
-340
347
162
159
299
-662
369
-56
-791
550
145
-422
-211
433
-728
-869
-162
-959
-248
269
-303
-293
-1
624
107
116
971
-652
-197
-965
-902
463
-61
-183
-379
-763
155
547
181
-78
-346
883
57
443
315
329
132
-847
-72
884
-21
625
-853
979
249
254
-349
219
160
454
-188
-185
-526
751
633
-348
546
-656
-801
-274
-177
-590
-391
881
410
481
209
-902
191
694
982
-830
319
687
706
-433
-60
914
343
657
-75
-846
-528
399
463
-896
608
8
-552
364
291
272
774
457
-291
184
-505
918
282
686
169
-179
413
-513
-936
-325
-389
4
-411
511
-782
71
223
-310
-531
-315
-206
-924
250
-201
-2
-460
628
-229
555
-664
512
-951
812
-206
292
-20
172
-295
467
236
-63
635
797
526
145
-986
-404
-633
-296
-378
-391
55
-744
859
855
254
957
482
582
68
819
94
117
630
445
-592
-391
-384
-330
633
852
608
267
205
-310
969
220
287
894
924
466
-498
-21
279
919
-610
-911
432
872
672
-501
247
-678
173
-124
767
581
42
-618
809
-769
791
416
498
-5
-895
24
-786
-51
-83
696
973
419
-769
251
-106
-379
-102
883
-951
-874
-619
297
-552
111
730
-786
-308
-671
-847
-943
-440
944
473
-942
-62
578
-361
-290
-916
556
963
-944
-469
-807
-136
-17
-629
319
-135
-580
445
247
274
893
-643
4
664
-394
333
817
-337
893
317
693
508
813
-172
-854
-921
-88
259
-959
-475
791
792
-54
-227
-838
-735
638
-861
710
-559
414
160
-644
975
-177
-481
307
-803
-260
-244
71
-568
822
-117
-183
525
-38
286
-216
-440
811
-869
-649
-243
-539
-930
22
656
-790
-712
-903
181
448
-990
-288
829
-471
576
583
-174
-669
-347
-184
710
94
633
235
-945
-81
576
-384
-714
707
-476
43
-833
-405
622
823
-638
911
477
100
-85
44
812
-700
131
387
883
957
275
-907
-228
-15
187
963
-781
-201
-119
352
415
167
58
497
768
-218
-909
389
-396
-547
-144
639
110
329
-318
-79
629
813
-693
69
327
582
162
-902
-877
906
-940
900
-296
-502
251
677
666
-692
173
-10
90
-179
-622
252
274
-208
-553
-617
-880
-314
-139
749
-501
168
-626
826
-694
536
481
-570
441
542
-671
703
597
138
379
-181
446
-892
809
-907
-71
-813
-98
760
-464
-94
700
-344
592
-440
962
-910
285
-664
473
591
429
-46
578
-573
-948
465
-871
649
-398
65
-532
605
173
834
255
-899
578
714
418
-887
-381
117
-674
-789
234
-712
859
-482
-819
332
666
610
843
-199
-964
895
823
723
100
-576
-213
125
586
517
-41
-159
618
-464
-446
-408
-350
-269
709
-467
-58
-58
-179
-200
17
-441
-869
-317
-831
974
41
763
425
-137
486
-475
-156
830
207
-571
347
-835
-173
-36
-741
-61
114
-534
670
-621
-1
-389
-121
378
411
896
937
100
-865
663
-370
176
426
-945
596
-532
-863
-561
-703
-99
-131
644
-376
696
-835
-117
-809
279
349
861
658
905
-529
-464
282
440
990
-224
-461
-876
-562
-274
-142
421
-219
-547
889
-525
-107
-814
377
319
830
-1000
-429
552
-560
-237
-170
346
-377
-955
250
-348
-862
-911
649
-873
-578
745
810
-140
-530
-333
-719
-191
-323
727
284
127
913
-783
-998
300
775
-426
-149
-786
-106
239
117
74
284
925
726
422
-987
-69
107
-565
-325
-84
-148
146
140
-310
512
374
-583
-648
-499
-671
-430
-497
186
902
-366
595
674
528
-167
-210
-841
674
-286
442
-348
-716
-627
759
-724
48
-769
129
751
371
819
262
-255
-765
615
-197
-878
742
-137
-135
200
498
-541
-127
-418
-151
664
-702
-921
935
741
-711
-781
-887
-953
-948
-282
837
181
-974
207
-443
-155
509
-651
-541
-689
-529
758
-268
-106
-42
787
-90
831
926
317
51
-776
396
-457
522
685
-681
192
290
-629
910
126
110
493
890
667
-662
-44
-985
-646
-176
-956
-888
556
-62
-373
342
848
-543
-175
164
66
49
-883
609
-430
359
485
762
-795
856
228
-112
-35
-279
-222
-369
59
734
-796
413
-886
-752
82
671
186
709
-431
-410
724
394
312
-654
1000
-14
512
-431
-656
-4
888
-450
-149
-327
438
374
-49
773
562
567
63
766
-464
178
-987
619
-595
-244
-116
-26
-96
-393
-632
-785
-47
925
201
-536
-949
102
460
939
652
869
-832
-353
242
119
977
-197
-315
40
-874
222
775
-861
-603
-821
-104
281
-290
800
446
78
572
-602
-440
-671
-580
-389
431
437
-451
-360
-138
-725
-156
-897
394
-180
-536
637
417
-410
-142
-252
-714
-188
-73
-261
-908
638
-905
95
-728
667
51
-168
553
471
443
-16
-536
550
181
327
825
-976
-13
-225
-599
451
-589
819
598
-174
-877
442
638
51
-820
288
-755
-724
-618
-926
500
-10
-93
53
-540
907
594
-518
13
-226
809
-606
-645
-205
170
-244
804
581
-869
401
965
-745
-158
602
-137
-420
-554
108
-144
-614
182
913
376
646
-35
394
110
-885
876
-878
-554
684
-483
-199
-965
687
558
839
-176
246
-203
-212
58
196
948
921
776
951
-415
-812
894
325
659
270
-473
-820
-780
637
-704
-905
317
-258
336
834
544
-72
77
-342
-233
458
461
121
804
-481
-684
308
997
650
258
-861
395
152
464
53
979
991
234
756
185
530
408
-499
829
-700
892
372
228
-32
587
995
983
48
115
786
124
-11
93
-323
-362
909
-184
590
-383
-721
-357
-848
828
877
908
12
-37
-128
513
-209
172
404
721
-601
929
-136
-606
911
912
66
254
-408
612
904
270
-751
369
-915
397
986
923
-961
695
750
473
159
-682
-565
-970
831
-217
202
-209
-497
602
-724
368
553
744
-164
-382
-3
-14
-770
-542
-745
-964
827
898
433
370
377
29
64
-317
-499
-777
1
-64
-747
-612
277
13
179
780
-386
12
-296
-834
-244
541
-659
310
-917
-872
768
896
723
595
793
155
-479
-273
742
585
410
-758
365
-589
-264
176
-644
-988
-812
536
349
-198
-896
-947
-475
-140
151
-577
-830
234
-448
495
129
-726
89
-522
-14
167
205
-273
-248
-828
-30
674
-860
263
-151
-504
-168
37
589
-820
396
694
-767
478
-447
384
902
-720
-826
-547
776
303
-273
-579
339
270
589
-900
998
-660
-728
-476
571
-588
787
-580
-534
-382
14
-946
-645
968
748
-411
445
-699
530
346
-862
262
799
914
-879
-918
-665
460
353
924
561
-93
821
390
431
391
360
-226
368
826
-51
-618
880
304
-651
185
450
351
43
-463
-303
181
799
-948
95
920
693
430
380
-398
-90
-503
509
-270
444
-504
678
-197
-173
46
-815
776
-15
-935
-364
-109
-193
644
-759
850
-820
-505
30
979
-452
-876
455
-760
111
-166
-601
578
-112
908
-693
-668
961
543
-308
-213
-855
-122
-881
130
-500
-245
-980
307
-602
819
156
-865
-686
743
-887
-138
425
569
-341
-908
960
58
671
-595
-478
978
-706
-518
77
-14
-174
222
421
-55
-649
478
257
929
-659
213
748
54
348
619
-203
19
-963
-779
-856
-747
871
661
-132
541
-935
390
76
917
429
-848
-540
812
375
881
-687
283
-84
570
-231
257
-661
-927
-689
688
692
108
-737
729
-114
965
982
-244
625
-594
855
248
796
-70
164
-219
82
624
-851
-987
62
-538
297
978
-969
-935
234
929
-862
102
616
387
767
436
-328
-791
400
-347
-34
24
-384
-180
-729
969
307
-7
-251
-612
-384
-545
960
678
-83
256
212
-495
-122
-997
-567
-427
105
606
960
-571
41
-369
-362
-560
-159
161
22
457
538
-150
-18
-156
843
731
233
-984
743
192
694
-341
-996
-537
164
-561
-534
155
12
128
-240
-472
557
802
-284
-805
799
114
356
-623
-873
-106
228
109
738
-373
-604
-473
-357
-862
276
895
-646
-163
-643
518
276
-620
-771
845
508
-10
930
65
-652
-355
-183
704
316
-828
-919
443
-377
-134
-892
919
50
-496
-555
694
-801
279
588
-447
-885
502
629
-51
882
858
-650
-54
-153
-720
568
195
-518
-616
-544
799
-886
-463
-202
-263
-40
-93
-788
-991
-32
-785
703
168
494
-153
721
166
906
-94
-886
344
-236
-535
-710
168
-698
858
921
-216
800
-624
-418
914
-87
381
-793
873
-713
-580
439
-188
-365
142
980
686
546
258
-149
452
-837
-477
-205
-516
-455
-358
653
-153
-500
573
631
-701
949
-787
770
-582
151
977
848
-5
954
286
807
-855
985
787
831
531
-399
-318
-461
-679
-238
-109
-194
307
534
-542
-847
591
588
784
447
536
554
216
954
-296
-251
801
699
-297
-357
63
-152
-372
-594
-321
716
7
-82
-746
328
680
-298
691
-457
-765
706
-304
383
293
-964
-171
-172
148
602
-662
409
-649
696
108
-389
-661
728
459
-476
-867
695
-761
140
-831
-507
-976
849
-248
273
949
-455
-22
-356
928
-729
-762
-686
-344
386
916
-5
-649
-734
-753
16
-123
-414
-257
894
110
-124
588
-94
573
315
399
155
-280
709
-573
-331
-747
405
-130
-820
676
108
-949
-668
-950
968
-116
-598
791
131
418
-332
275
719
-882
942
-406
263
-152
-833
-423
804
-121
298
512
306
967
322
-290
-164
60
944
502
111
833
109
78
-284
511
-131
404
-514
94
-765
-796
212
735
-645
-526
-418
-921
52
943
-42
907
455
-737
873
-667
-469
-735
393
-969
767
-496
864
-124
139
-864
944
565
97
987
-342
333
748
427
67
-897
459
206
-818
-933
148
-302
974
-841
-482
846
-507
49
668
443
-363
435
504
-500
868
-357
-807
368
-793
291
355
-577
-820
102
407
-196
-238
-135
567
-55
-68
-286
200
-95
-569
718
-693
-519
-233
976
924
-39
-33
428
462
-609
628
212
759
392
-941
-330
815
-761
330
-221
-400
-909
644
-834
-407
-424
-562
793
38
-574
511
346
-93
835
-122
-613
-205
402
815
814
793
-1
26
108
-609
85
336
763
-118
-335
-459
39
-244
743
206
350
876
201
-301
-87
627
-791
816
-910
-957
-750
-523
-604
652
850
-791
1
-152
235
-891
-204
878
445
-441
-241
-891
-343
798
-578
-601
-440
329
-726
318
-972
188
-499
795
-440
-409
396
-189
-374
792
-538
-525
-1000
464
-120
-207
130
677
-330
-426
793
-14
-760
-551
-660
-781
-151
-542
106
123
333
-309
868
835
-515
-572
983
881
239
-392
672
258
-360
230
-279
78
-978
408
-689
-751
982
-897
-208
779
-448
-311
556
-42
147
-339
-919
-520
352
506
872
837
934
854
275
-271
-981
-497
545
-341
733
-735
294
312
674
605
118
212
708
467
-452
818
-844
-897
-225
303
-679
-587
340
673
920
211
66
410
65
-660
-861
84
-599
241
300
691
506
-406
-440
-264
-802
678
506
464
-298
611
281
-142
714
-945
718
-966
-531
58
264
946
-732
-671
355
-110
-773
51
974
-372
-709
-169
876
355
425
-565
648
180
671
153
-800
-628
-237
481
230
-967
94
-53
-933
563
-996
-112
508
831
218
-581
-280
2
471
-749
187
762
-361
62
-327
621
55
-679
-200
-275
474
1
97
795
-962
884
828
132
-170
453
-749
-608
-660
316
780
115
736
-944
674
-237
865
-583
-476
-497
480
-245
-877
-466
76
-519
-184
-894
39
913
901
77
796
286
-791
-818
-262
-983
-869
-365
334
911
308
69
968
-462
832
832
-44
913
-665
-565
-333
-985
-474
300
-504
-101
407
535
-189
307
-831
-837
-408
936
903
-113
953
-966
80
-157
502
-613
469
26
-75
-143
-142
881
-230
-250
873
-6
-678
956
852
-181
-146
258
911
222
-879
637
-58
-729
572
-598
158
82
994
-763
925
495
-819
394
-922
-336
-750
-64
-899
-423
243
532
129
565
44
-20
941
456
795
409
-766
916
45
177
-814
-826
136
-98
256
129
-304
-263
-820
-122
688
-742
99
496
-249
-243
-928
551
-712
-242
116
333
295
-387
-212
89
-979
-421
-438
67
756
-252
-202
-552
650
-947
134
-654
-653
-128
-219
-965
-313
880
531
439
-364
160
-11
-518
476
662
372
-230
-725
717
417
854
-705
979
-523
609
-274
275
-944
934
328
191
-721
676
620
-383
268
-694
-947
-202
745
-754
958
-709
-272
433
510
-901
761
342
373
177
196
669
155
230
277
438
-495
-110
371
390
638
207
-378
257
824
890
564
434
-313
-135
681
-798
-287
-592
192
-777
-935
-48
122
-5
686
-683
-337
-603
105
497
393
610
-613
-237
-1
582
528
622
-161
-92
68
-598
-658
756
-176
-978
515
538
988
-294
318
610
216
-561
-395
-542
-686
-175
-144
419
-678
-752
28
-734
-432
584
848
653
205
-314
-882
831
-355
-540
586
27
-961
-343
-436
-974
-80
882
194
693
-680
799
-849
-809
-377
-436
610
-498
-631
-363
-232
-506
779
-384
-853
-460
-141
823
-630
62
-718
956
-912
879
-831
-348
462
90
-910
-345
-218
968
-990
-510
-841
-809
54
769
-307
-20
964
462
475
742
635
179
-719
-507
1
-348
555
-160
-836
200
-282
892
409
737
-19
499
950
320
467
960
811
183
-850
-579
-49
-156
402
-529
863
-567
-788
497
612
-949
547
-831
-740
-341
-434
982
859
-159
873
268
-423
-590
-677
-474
731
347
-514
98
-471
-807
76
481
-406
-523
509
-544
-533
722
953
636
330
57
805
590
716
928
128
574
-232
1
-602
346
411
-278
429
-302
-932
472
796
-402
666
-128
636
-741
-94
144
-727
-69
-578
783
-434
309
-161
929
-545
-446
856
584
686
-376
-416
-917
527
552
-195
-45
808
-569
-573
603
29
650
-969
-779
909
-505
365
739
426
345
522
549
-347
-640
477
109
-85
333
-751
-843
514
-610
-760
40
942
-397
552
749
34
979
-91
-938
628
-503
841
94
-451
205
-168
532
-894
-647
81
-240
-729
-443
426
-257
447
675
-100
-40
-936
140
557
563
743
109
-131
-224
-356
335
-605
-728
389
-765
-77
939
-2
312
470
104
223
-893
421
494
-778
-597
-764
669
635
136
-814
256
833
300
-181
133
-592
245
466
53
-421
862
-118
525
654
362
463
-792
-770
-510
-130
453
-846
848
-497
-624
-749
-704
603
443
-11
789
-301
-178
88
75
955
54
-681
420
-894
-545
-162
-455
980
-951
907
0
-743
-864
490
-316
147
644
-468
650
578
-660
504
180
783
-508
-475
-962
-129
613
113
-175
-777
432
803
-671
444
-803
-569
424
-754
895
-577
-939
-969
470
-698
-265
-330
-609
942
-753
-269
445
427
-929
938
952
-891
-192
122
-220
191
345
-789
-450
232
656
-253
220
-364
-449
115
59
-831
146
-915
-529
438
-245
-137
379
-440
151
-176
544
-221
-239
53
-111
126
-826
669
874
76
437
-577
865
-351
-272
85
285
279
-801
901
5
-98
543
476
897
-702
896
275
-585
-396
-902
959
383
-584
11
829
100
-258
54
-27
376
-952
-46
240
-303
682
882
540
-483
638
-3
522
-904
-460
-446
993
-605
-993
268
-190
-389
366
-675
551
340
337
380
-561
-922
991
-31
454
-962
923
-749
-264
161
-868
833
678
328
-171
-244
424
-74
-132
417
321
-568
-316
688
-400
607
-987
-850
-54
350
87
-58
-15
78
912
997
116
834
805
409
-5
494
241
-771
-179
628
-457
-755
-447
411
219
432
400
460
119
1000
-377
-311
-851
570
596
237
-932
-419
-686
980
-866
-13
371
496
-604
923
-11
194
709
811
-179
-749
613
-68
219
-612
-637
-382
848
39
-383
-530
729
-676
597
324
561
666
462
432
202
153
-582
-428
-352
-629
-949
195
566
761
5
-614
-989
-826
-125
-212
-438
-205
406
967
392
581
-564
120
905
591
-1000
22
256
20
-547
-986
730
-572
-413
-622
-200
-805
573
923
956
-866
866
525
866
-259
-688
985
536
275
951
-73
-145
-614
604
-241
534
162
338
-211
739
348
-196
468
777
-52
846
-867
143
-25
-945
-344
-334
921
-820
-469
-782
-508
-485
312
767
-535
-762
-821
-591
400
-505
943
-882
834
-711
857
181
-350
324
-486
155
-273
-796
855
259
817
-490
926
295
-753
-987
513
-261
-471
-176
-937
-449
-380
-758
-483
577
-263
-983
695
-430
864
108
309
-930
-569
380
225
-285
585
-364
975
401
147
457
-748
394
470
766
691
999
-854
754
-893
-677
553
-376
900
-711
-802
151
-583
-939
-742
283
-869
-753
-338
-87
-481
-754
550
-507
205
-747
507
457
647
-23
-221
-106
-468
-74
-796
-361
-194
757
-179
-737
604
-424
414
578
-362
230
-140
-674
34
522
240
553
326
-211
604
-470
42
110
544
-755
-914
-677
-303
-824
249
-99
-185
-946
-785
193
875
819
770
289
396
965
-925
813
-710
-334
334
530
776
-784
876
379
-254
-526
-954
-710
-723
690
-387
-26
866
419
432
-762
30
647
-12
-95
22
-243
751
975
-722
383
787
-431
-952
-322
656
824
-106
89
-240
198
563
-194
488
397
-948
658
928
919
-367
-83
714
220
-437
-299
-876
586
16
432
117
294
-186
-96
863
-581
139
76
-757
-968
-836
-440
230
284
366
-726
-762
418
489
-835
-107
-879
82
-394
342
203
-135
23
-655
881
-988
462
-269
-174
923
-406
-197
61
227
46
-349
-52
606
881
789
-472
713
-974
503
201
750
954
-120
-612
-884
779
591
-19
-199
493
-582
-630
-45
150
-246
-566
301
557
496
-473
-841
704
475
322
141
263
850
-147
-153
-91
612
-404
-138
-509
-16
-21
-731
-868
517
-373
625
936
-2
-864
85
752
-429
-615
-135
624
-531
24
-116
944
-655
-976
-237
752
-122
610
-340
-511
763
80
-463
-696
616
-637
-564
-311
-453
618
-376
545
755
266
-147
883
651
275
63
-881
-702
947
620
-357
971
941
952
-595
107
-831
-549
-130
249
-12
174
-579
-92
167
110
456
-216
292
-443
-462
-443
-32
978
766
-758
40
442
-459
-457
62
-259
-929
-441
-307
-524
666
-581
-515
-908
225
30
-177
646
939
990
-688
394
-226
161
951
-131
276
-525
-596
41
-282
444
-518
-184
545
101
557
616
217
807
649
-117
783
-867
-468
7
164
356
-791
-341
-98
-921
-948
233
240
560
-898
-485
-965
-494
556
-690
507
596
126
-392
-747
-761
781
471
604
430
911
386
120
-558
-607
841
355
-841
-501
815
-762
-892
47
479
669
-294
551
261
212
107
571
-724
-741
-747
-116
-931
-508
-778
540
-905
652
7
39
-672
450
-11
-831
-639
148
-775
-825
387
-666
223
-578
560
929
973
-180
-302
-364
948
-469
-105
-800
-28
-35
-308
194
-939
-655
-598
69
384
-269
-925
930
-543
-564
77
-761
-831
-980
-427
-51
-558
-868
-123
-585
-491
132
51
-544
663
504
-344
-808
-975
349
386
644
251
789
-288
-809
-924
-656
-880
-910
-219
197
-671
-493
218
-540
456
217
-851
890
632
-341
22
-760
115
-759
301
329
-567
-117
-323
820
-474
485
165
-204
676
-202
140
796
-112
478
-8
-226
985
767
234
440
-16
384
330
-828
600
909
970
-286
-851
270
600
-860
710
834
517
-764
318
-319
32
-7
479
-829
-212
924
650
338
-303
191
-339
489
-369
202
-571
518
-68
-972
-17
-99
-701
-311
729
900
-171
438
733
-655
231
51
-417
-738
601
619
992
947
542
641
284
797
-169
502
-158
19
-296
271
-907
636
299
76
-907
155
323
379
54
-849
-626
-656
-946
605
-48
-363
868
-448
-744
416
-502
355
56
339
-292
444
-159
550
-980
102
-180
671
-706
676
-253
-613
-169
-931
324
442
778
698
343
389
302
-706
-974
-274
-153
840
-859
-98
194
-246
-759
460
756
-361
9
776
741
830
446
-966
505
750
979
893
376
302
-108
-289
-444
-766
-901
859
-914
683
-416
-510
522
-717
392
-727
37
190
733
-651
829
-259
-876
126
-873
128
-283
190
-566
-304
-361
368
555
531
-922
669
323
-823
527
409
861
668
899
-61
951
-153
212
-455
-963
-499
-106
866
-200
-424
-8
-73
261
709
-884
695
962
-244
62
74
844
140
-258
166
-125
826
-869
-708
493
587
231
1
-566
-1000
103
-529
-942
554
-664
-142
-871
-115
786
-53
-849
459
-358
670
772
261
-700
616
959
42
-662
-610
-576
-530
-318
475
614
470
-525
-953
27
135
-482
86
-312
-588
501
-625
-146
-157
322
5
-698
521
-325
-927
-661
-25
246
-703
575
585
-313
999
612
-74
473
225
-605
505
-170
-20
-804
348
623
-115
317
123
-183
-829
967
696
176
-732
217
408
899
556
941
145
410
515
-714
-904
70
455
-421
-900
-321
-469
162
66
511
359
-586
133
-757
288
-744
-383
459
-778
-688
-808
-953
86
600
503
-802
97
-353
608
-832
-510
261
239
945
397
-104
-819
929
-943
247
439
416
218
-871
216
-494
-615
833
522
-836
703
714
769
-212
-129
271
-456
968
476
-849
694
966
-30
-68
468
924
385
649
852
442
-105
-152
-142
671
-23
-927
734
362
464
255
83
166
-31
-149
954
397
679
-503
-79
154
-794
-386
-323
-267
103
-856
-344
-513
793
-935
930
-756
-87
-656
915
890
975
648
-192
438
-540
891
-397
-14
-702
-886
-618
977
-832
303
-312
932
475
365
-779
-423
509
-565
-378
-142
-500
-449
102
413
-548
-426
302
-574
779
667
422
-762
557
582
224
412
253
163
388
422
-977
633
-90
498
-3
132
632
-938
567
-747
-80
-934
-639
580
36
-187
-847
895
-203
489
561
776
285
117
357
-935
-472
-390
229
473
589
-191
106
-502
-694
660
187
495
723
-247
749
-801
-624
-891
779
412
-520
932
306
-166
-22
-134
-391
-738
540
523
-673
625
690
113
-345
-165
922
318
-109
785
-23
-923
280
-744
-612
28
-544
-236
-306
-766
734
-269
724
39
122
-299
463
288
-480
-441
-189
-596
-816
-943
518
-604
-107
-4
714
784
-219
-753
418
-940
-496
806
-355
-483
-873
-104
-249
861
185
-969
-544
-694
-711
919
595
-191
-965
963
214
777
577
-712
-828
-974
284
886
810
-936
-868
-215
682
-807
-410
884
-290
-283
-220
19
-423
965
50
-409
828
340
-934
-21
706
-899
-502
-81
878
-925
-236
-951
-899
-952
492
469
670
182
-747
352
-68
-600
235
643
-325
572
-339
-191
536
268
400
-79
-836
467
900
871
568
-602
-654
3
-970
111
-391
-869
159
-899
157
-172
-160
410
737
772
368
-28
-29
-958
-457
189
-149
637
-543
-749
-443
-379
275
-544
-509
-158
-589
-162
402
-559
506
-989
-870
-336
670
287
49
-491
-746
-214
838
622
758
-191
664
858
998
-929
494
-989
880
608
-367
154
622
-319
554
-968
76
-488
-969
-419
-477
-839
-198
-808
448
852
-742
702
-363
-904
-120
952
-538
-900
366
-541
-828
-583
-529
609
-976
-339
-680
203
-101
431
-207
533
943
-176
671
-977
-458
-527
-785
547
882
-969
249
-925
685
686
584
-854
787
-51
-838
516
-77
-367
124
-52
-149
1
708
751
-569
-500
-160
-626
-119
-490
955
423
-17
-831
-30
-136
758
776
-61
442
461
-478
588
-196
29
751
-681
952
941
1
-544
-651
-999
-836
657
991
-779
-504
922
103
6
876
-475
547
602
52
-590
360
-616
-93
-642
846
-14
947
-794
572
254
-474
524
-249
84
537
100
-358
258
-244
-368
480
-191
-890
-418
816
986
-336
362
588
274
329
-496
658
793
-138
60
-664
-635
267
908
619
350
-12
928
-567
-475
-416
75
340
-102
265
-181
707
375
-42
79
361
180
998
-495
-547
-116
9
668
-324
428
-272
-431
794
995
-523
-31
-99
22
-104
334
104
481
966
-556
-622
-213
-180
642
-838
779
-279
80
-485
-282
142
-475
602
708
-808
836
135
-523
-596
-72
-972
-562
898
-71
461
-650
820
-436
388
786
-435
323
-428
386
-35
-709
-279
243
-72
236
518
-931
318
120
777
510
-488
-88
988
-84
397
-985
-88
-149
-55
-628
202
-679
-507
-411
-894
59
470
-764
-999
-566
-916
-278
234
13
515
-249
82
-168
871
-584
899
940
328
886
-587
-719
459
325
133
961
697
-666
-719
747
-520
946
-195
950
739
-637
941
823
85
174
-608
-844
926
32
-12
353
448
-113
293
-668
-671
263
-387
345
-413
746
305
841
637
587
587
-883
89
950
624
-173
-688
565
-351
-45
-705
-401
111
778
631
657
131
78
-900
981
410
987
243
580
332
830
326
-364
227
-481
780
-187
-364
-132
-238
818
695
-368
-61
902
587
234
-500
-746
12
688
911
700
-235
568
237
732
555
-521
-132
-114
866
751
522
-351
-730
-141
462
-537
727
-776
-720
-21
-144
219
-563
1000
-990
-506
-747
22
-819
722
-722
-497
289
515
792
-600
551
-341
286
-27
-590
-635
622
-320
224
-360
143
-50
-136
-19
486
277
-801
480
-167
-791
974
-356
-212
712
-635
-377
-786
211
-863
563
612
245
-778
-103
775
-368
262
396
-131
-958
594
569
-450
-986
-451
-965
292
-251
516
682
-485
46
-675
304
-242
-753
927
-471
459
622
-908
70
-577
-686
524
-802
-497
-657
151
-71
-615
-256
-503
-65
-241
47
-472
608
796
601
289
868
-354
172
171
-39
419
-345
491
-123
834
140
504
-744
11
-415
-546
514
-72
606
-558
-130
907
-504
363
-335
543
448
-728
-105
48
119
-237
251
-710
934
770
266
-855
-183
-857
979
957
204
793
-33
346
-754
-963
-727
409
-964
-299
-127
-468
621
538
-925
68
368
-30
673
-514
290
-520
-667
-219
-751
599
-74
66
299
-538
-421
-940
-746
103
406
-943
140
237
24
-267
938
897
-177
115
-9
-545
740
-642
-18
412
-599
-728
449
-266
53
699
891
536
-679
189
998
-99
249
809
-997
-788
424
-299
449
-553
-9
386
901
814
-943
-109
-732
797
250
251
-235
651
523
-787
943
-868
469
833
668
348
-422
666
-752
385
31
809
597
-546
-934
45
-99
58
988
-199
-572
602
250
-303
398
-501
505
720
707
-416
490
206
-284
-41
-405
-617
864
174
606
669
-885
-363
477
269
-352
101
871
107
716
415
465
-857
16
-286
-160
-587
213
902
690
-523
-515
179
683
201
695
-722
142
558
9
-253
226
-319
-59
-740
950
590
-82
377
-304
-367
-209
-840
-224
807
-568
174
777
645
75
466
679
561
-799
362
-682
897
197
460
11
763
765
-763
-557
-295
-946
950
852
-28
326
-453
162
-884
-735
938
480
-303
-332
256
899
301
-722
135
-139
-521
-504
-264
-625
250
-804
-56
12
518
181
455
-778
-208
-39
632
321
-714
-822
-518
960
-1000
977
439
-746
-798
-306
711
503
-471
-155
921
8
-102
-344
-59
-853
-591
885
159
927
-378
-830
707
414
131
338
-709
-26
73
-670
-67
-369
864
-629
-115
-935
-378
-405
568
151
440
45
-842
895
702
-344
-959
668
-460
-243
595
162
-516
-142
-868
172
-805
981
-855
-175
-690
-365
456
-826
6
-659
797
185
-507
-78
-665
491
967
-949
385
225
-293
-16
-107
248
741
-513
967
783
-98
-901
-46
97
637
-343
479
948
292
-65
679
856
-167
475
40
326
954
-67
-627
921
-16
759
145
248
-258
-963
-948
-961
-919
-981
379
-17
676
-667
637
312
-453
116
-184
839
608
-506
251
-560
527
-709
323
480
224
697
400
765
455
-898
12
754
-861
65
350
779
-359
-271
-682
874
-381
956
-258
166
-372
559
4
793
610
-745
-768
136
-897
555
-384
-116
251
573
-352
-738
232
217
573
372
839
-77
-293
-521
209
25
910
828
-463
-348
-7
-278
-790
554
-486
820
366
-697
-487
26
859
-314
910
-334
816
-886
-514
48
332
-942
977
170
-462
-317
207
304
265
116
131
803
325
681
-476
92
-208
-404
-531
715
-101
-18
-259
-686
668
-350
-462
483
-678
24
-913
654
-361
-937
-620
-265
-254
587
-962
-989
-740
-273
371
585
965
452
-323
-244
-953
146
-529
-496
685
-231
-182
-91
-24
356
949
298
937
-964
-492
-867
-901
-111
-132
-154
-525
-537
-586
-708
-253
785
435
-288
236
669
25
-159
-629
53
345
-945
822
-838
-36
-645
76
-88
653
-431
-52
-839
-298
-395
-393
127
451
-361
148
422
-68
895
206
924
-837
999
592
189
-161
963
-759
741
575
621
904
-462
976
-464
7
185
-338
513
-97
365
-883
510
-952
125
707
196
-454
-805
-352
309
-882
-189
-136
710
557
704
672
799
444
246
-24
-96
341
-492
-3
905
250
660
417
-847
-419
91
220
-814
-785
-517
383
-682
-322
588
627
-204
-602
-509
-495
956
752
734
311
-248
-464
844
214
434
-649
-790
339
601
427
-688
311
565
-39
-912
752
-267
-872
-309
52
-193
-722
-765
603
-767
-717
666
-812
592
-44
56
-656
493
-101
558
-517
250
325
379
-592
-691
249
276
431
-791
-79
182
-58
50
430
551
857
708
787
16
499
-931
-319
687
662
638
-700
563
-313
199
-323
170
-994
559
-451
972
425
355
247
-144
564
726
-963
-495
-225
468
-944
-369
-268
400
647
-770
26
886
475
-313
80
775
807
767
-470
-517
-507
-907
600
-401
-936
24
954
-131
880
517
-406
475
580
369
-501
193
557
231
-851
-240
19
175
-355
-950
420
282
382
226
48
912
267
99
-995
-134
698
627
890
652
-505
327
-275
89
-199
-696
-986
300
54
571
-913
203
-669
-337
-622
-467
-287
798
816
-906
-420
-580
-994
847
519
569
-288
217
195
-841
-575
248
486
150
-664
844
12
-649
143
-935
479
-213
-174
810
451
-239
901
-837
-442
716
-742
138
693
822
-458
212
-53
254
-572
-859
-30
-147
389
-988
560
283
856
-429
191
-445
-806
-331
343
20
-964
-207
781
937
-44
896
209
-229
-410
-99
-851
132
-888
96
944
-903
238
-87
-493
-817
-74
-933
466
-662
-362
-344
-106
-611
326
-764
409
362
-414
-254
-145
99
-359
-937
871
232
-479
-981
-637
-366
116
-694
-712
911
-223
-647
651
260
-580
117
598
-385
330
-509
5
-788
-716
971
131
-573
-283
986
527
358
606
-46
-411
-873
-470
-490
-682
646
-184
-837
113
593
-484
-236
-148
-507
438
-993
109
-676
-945
671
-463
898
641
225
-676
-643
-232
851
716
931
-196
862
615
335
-629
933
-463
-255
654
208
895
-831
529
-253
-337
-34
-689
329
-153
-634
-1
-59
-737
-804
-834
-412
-446
-509
996
827
-579
-643
245
-964
249
617
526
343
-639
179
-450
-745
-94
-922
-441
126
-399
-573
-546
6
-206
10
947
-386
206
670
202
317
-840
198
-300
-861
112
946
-825
-640
562
258
703
480
995
-747
292
-100
889
409
-975
-953
836
-964
53
-814
-397
-444
-199
366
-774
560
-317
-614
-243
383
-918
426
-115
-743
786
-997
73
489
483
67
299
-668
967
-256
298
549
-209
-310
142
401
-123
745
958
678
-333
-817
-206
350
-874
109
-710
-791
-466
-268
-977
-680
-264
96
809
-782
-838
-336
-893
686
408
405
-209
-801
-905
933
157
-471
234
114
764
902
-146
-443
-192
-462
666
-345
-696
-800
388
-673
-480
681
-19
886
899
-300
-451
564
-614
514
-475
-266
713
-380
-776
-573
-294
458
98
-531
-84
953
27
282
-953
-308
494
-649
-551
-562
-765
-31
-882
216
-589
575
917
-483
138
860
-969
663
-850
301
841
-626
728
-454
833
-174
16
-695
-665
600
587
940
849
-362
-710
-702
76
-475
-176
195
299
236
-231
-228
310
464
-812
341
126
-662
-358
-477
-287
927
70
-898
-691
643
-593
-356
242
552
-417
90
-811
-570
-55
265
-487
770
-984
369
-438
-215
-860
872
-752
-672
213
-68
-334
412
455
-64
338
-919
38
648
724
3
849
-478
-889
990
170
-700
977
-886
122
-511
884
139
858
-998
481
555
875
287
883
-356
-782
-894
613
230
42
-50
312
638
-846
35
-360
561
558
-249
550
-716
-392
526
-602
287
573
840
983
-13
842
464
-458
273
-693
-576
474
-475
-913
86
312
-313
-964
-377
-676
748
216
-479
308
-670
-171
-586
-386
437
941
12
-277
70
-592
-737
-944
-750
284
-402
80
591
-420
-446
673
-333
640
-16
354
233
608
678
-19
-620
-802
846
-290
27
-740
324
-980
758
-665
-699
-173
-699
-436
-117
-449
848
39
188
-5
619
742
-333
-715
-61
651
640
-829
-185
-126
-291
195
-370
-445
905
214
-628
-215
-208
-871
-322
93
-487
-21
214
-47
87
-382
992
-726
613
610
-984
837
453
-45
487
-351
-317
860
523
393
-389
710
505
-927
-519
434
-142
273
563
536
923
633
-929
136
-415
158
311
-423
433
-520
-814
449
-684
639
961
360
845
-357
-224
368
593
388
-366
97
461
115
-470
876
-613
650
-31
-691
282
40
2
868
-802
870
-999
631
-651
745
-364
-778
-59
-404
583
-215
-204
-642
-848
-611
303
-656
43
-680
459
131
-804
404
-220
165
270
620
-796
-728
44
960
699
45
590
-952
-211
783
-730
287
-622
410
-928
-268
769
782
121
-372
-875
-837
-51
585
294
145
-455
632
867
815
-192
628
-914
852
588
343
-547
-266
391
-201
-483
218
-914
-548
-815
-842
184
511
940
-696
-862
-935
-975
87
207
-124
789
752
-493
655
566
315
283
210
166
-130
-448
176
161
500
976
678
-726
-939
-870
-541
-781
314
970
-842
176
-892
781
201
-248
-456
-924
-459
-705
-859
-805
419
456
35
-815
-821
462
-706
355
-377
794
330
-700
625
391
988
642
167
-141
611
326
-966
276
-337
235
586
208
-132
-874
503
9
879
-522
-535
-529
-337
-799
933
-43
556
-888
-693
-557
-587
490
391
958
131
-442
-184
-702
884
-150
132
-897
642
-283
311
-490
-600
-629
519
836
-151
541
-694
70
299
797
584
-145
909
892
-145
879
-62
-755
837
-932
-197
-348
924
-757
60
55
-653
-299
329
658
-232
286
-972
845
122
-565
-58
-15
505
-759
-219
88
-347
-310
-464
508
-432
474
753
962
99
-444
-829
-420
-644
231
192
-297
489
-479
-639
815
807
947
659
-515
-619
-843
471
886
-602
-749
-469
51
-502
67
-885
-376
-902
869
-415
-246
982
-687
334
895
101
-474
-402
-410
-396
-484
962
968
-538
177
-547
-599
334
924
-714
290
732
-626
898
-770
-1
-987
-146
97
439
-4
408
-23
310
-701
-129
-590
-618
26
-443
-14
542
-925
-490
-996
252
-37
-595
-857
-557
-752
433
733
-377
330
520
179
-100
931
-725
896
-74
240
-128
793
539
301
-797
921
-674
-683
-94
869
-607
417
430
202
937
392
345
938
640
-223
670
820
665
189
-2
-879
119
-170
-983
602
628
-111
395
166
747
155
87
-927
29
550
942
422
-477
-72
-376
-983
-681
969
955
516
-697
181
-107
525
-631
448
646
45
-722
663
-354
906
-891
598
-372
856
-248
715
929
339
-178
427
-240
-98
-646
-59
-81
-770
-533
-570
747
-673
611
-361
852
537
-914
497
-419
922
160
-215
384
269
-618
-988
-319
-308
284
-390
-970
663
594
-653
-435
949
-154
484
-822
-130
915
482
197
82
-880
48
-381
765
-899
200
686
-182
542
70
644
482
-361
-675
731
923
-508
318
586
-915
665
708
-967
-933
191
770
-63
-338
251
-867
745
-71
-262
921
-307
-603
-323
936
215
-781
-438
-584
701
201
-702
431
-319
-210
-252
824
-125
970
531
-534
595
-722
-765
-469
-502
43
-778
800
529
-483
720
779
-86
-604
715
687
-828
-724
660
873
35
958
-140
716
-253
165
96
622
-308
-374
645
-714
-96
880
-626
-41
-520
-404
-242
566
-329
-966
345
142
-569
-384
-615
-397
-551
-956
-967
484
-999
-550
-244
-695
173
852
485
422
-966
129
265
-504
-434
639
455
46
793
-787
-389
-980
-753
513
162
-765
-872
548
-604
-422
149
987
619
-292
-564
-625
13
166
784
-503
-413
819
184
409
-686
750
48
326
-648
-603
96
-480
-583
-99
-967
579
136
719
-317
532
-704
833
75
916
-460
512
848
110
-766
188
165
-621
6
-652
788
-123
655
-165
-797
-994
-211
299
-474
206
-801
-884
-658
-107
836
25
982
689
-586
57
161
-489
-875
-435
622
-641
754
-214
-262
-241
-309
-474
194
-655
-82
397
-649
265
-748
-566
-973
-991
-892
-631
-98
501
-48
-117
189
-77
497
908
435
622
-528
56
982
-775
399
-724
-458
-911
-641
736
992
-165
-311
900
-901
-502
891
684
-493
999
-947
-34
499
-438
407
-755
42
-97
-848
-524
-475
-376
89
-937
-150
-956
897
-51
-867
814
-316
682
-352
-70
581
-696
428
472
988
493
470
598
-542
-474
717
865
-229
-241
-675
-520
235
-150
104
882
-530
511
926
924
-541
617
737
-300
298
942
630
-121
-755
58
908
791
-893
377
388
-435
460
-338
988
788
421
-688
-733
-788
-281
372
-907
-254
-561
-981
-331
-101
636
-594
599
-510
-653
229
369
-850
844
276
941
951
-790
-115
-928
227
547
-941
15
-33
929
282
180
-353
-790
-170
393
-350
-594
-938
549
-959
-975
-296
-911
-628
490
458
-921
333
-709
-981
-160
-942
-95
-530
285
-992
-914
857
-24
-985
139
713
-781
-94
-901
170
556
-494
232
-339
-896
-186
-77
-807
-257
-588
209
-177
303
500
-158
700
115
304
-831
-601
313
814
814
846
386
-48
115
605
415
214
-226
-472
277
563
-254
382
-624
669
575
-323
639
-217
500
-59
840
899
-360
-489
-240
-633
-89
630
-820
-276
475
566
233
-854
-273
-796
-83
502
-268
-806
-379
479
133
-2
-296
-293
675
-658
48
-269
283
-556
-371
481
-44
-54
405
424
-425
142
705
607
-293
-506
753
-9
-302
-773
-951
431
979
-329
-534
111
226
170
375
-100
513
980
188
-648
-576
374
833
-63
-680
237
918
-105
-622
622
-498
-358
-885
812
191
-630
-962
240
801
574
911
824
-316
136
-6
-941
593
-937
-962
-220
-585
-981
-846
806
-487
-969
42
-570
-74
-22
609
-15
177
724
-646
-633
652
-608
608
9
524
75
-167
-793
-789
827
824
361
890
863
-859
862
439
853
667
510
884
-734
940
-634
-199
549
352
978
-171
706
903
-520
655
67
490
178
699
-678
-57
910
706
-234
271
152
-815
-31
13
182
-622
-320
-309
-739
-497
-370
-816
304
736
93
-162
-435
-645
-260
-398
-990
364
-909
-255
63
971
245
-471
233
-989
357
-616
754
-675
-45
-65
-297
192
626
-479
695
-744
-294
-2
549
799
393
-887
712
-867
-284
279
54
-636
-977
674
893
-174
-797
125
-163
560
67
-410
443
579
526
-855
-230
-292
-776
-979
-479
-70
-424
-930
-715
969
-817
554
659
-544
-168
-287
-622
-144
-614
828
239
-854
-491
-925
264
133
-778
-294
-289
305
-149
38
-987
-368
59
-466
119
635
-396
-38
604
-655
-485
262
-642
348
532
-707
761
476
-880
-1
622
-813
74
-115
320
-147
591
-969
-842
1000
-374
-829
-369
686
-738
751
320
-576
-288
-520
-231
227
300
-316
-426
-169
-22
-666
-694
98
-110
929
-158
964
-630
-838
-626
519
751
-468
518
-624
-740
706
-939
-921
456
-61
-497
725
-24
272
-491
-725
514
-360
107
-509
-468
413
146
422
-102
989
-57
-174
-850
317
-656
901
406
862
-724
223
124
896
302
-420
-609
363
862
367
-809
928
643
705
-432
-251
-805
-343
719
342
-922
-826
-113
-422
-443
37
895
-99
-506
-143
-681
-673
637
443
-778
-504
580
-830
859
442
538
-951
369
180
312
494
486
64
-850
-239
-595
787
-65
-151
-636
49
886
-741
950
937
-327
-732
-736
-690
712
-957
-194
291
-786
-779
-711
752
828
216
-512
139
-291
974
-797
-583
-709
-835
-797
-216
15
-433
833
-543
-617
783
-606
57
-950
-785
-76
319
-742
287
-390
-971
508
-544
338
-108
672
383
-969
939
-87
792
913
205
957
-885
989
-472
-761
821
-14
-377
160
-63
237
-232
152
718
-914
-33
4
-747
-446
-932
-290
892
-40
939
-168
-9
434
745
-661
346
-51
-704
461
-506
-619
701
-685
-76
881
32
861
-326
800
-431
-609
887
537
395
-861
648
20
-594
96
980
903
928
-472
336
673
-133
-318
-822
-280
700
-327
102
400
-455
583
-163
577
444
511
377
-988
459
-180
106
-590
-484
-247
430
-520
850
410
-618
334
495
718
6
-639
957
185
-361
657
415
298
-387
960
-120
451
93
881
-482
-974
894
978
-154
-444
-613
-80
-133
818
400
-284
-216
782
-951
-722
56
-387
-804
13
355
-608
-331
-231
690
282
-715
-873
-711
-65
-993
-192
-38
458
-215
365
-986
-271
-716
-119
-897
684
154
-113
22
-240
-278
-922
373
-524
-352
-273
-575
317
53
673
-845
-105
800
-555
831
364
253
-651
-178
595
714
-164
881
999
274
985
239
-573
-129
-739
187
151
897
-883
627
-456
-599
609
418
455
281
573
907
80
-983
737
-556
-173
-915
-177
979
357
659
860
355
-511
844
-850
-84
-729
969
660
422
422
777
-395
966
736
772
-60
190
52
-487
-347
690
-913
-610
-867
-528
-968
-44
-993
389
-829
867
-700
-340
267
-549
133
96
-581
-651
-483
399
-874
-320
364
862
-992
862
-392
60
-626
261
-251
-982
208
-561
-510
241
-48
-945
-814
123
922
-513
340
-254
-62
-971
842
-86
-621
916
-688
-938
-848
234
481
-840
95
646
221
26
-537
970
-399
672
967
-351
-531
-82
-296
-345
599
-375
142
-62
-72
637
-475
-231
-892
-96
-315
978
-477
-163
-232
-997
-2
863
649
776
-555
-889
302
47
340
268
696
809
-814
957
-979
785
-419
-280
-721
510
-643
-196
836
-978
265
-480
557
345
-85
-675
348
913
745
-447
245
-810
-778
-454
-206
119
815
-954
-72
-1000
-998
-494
342
-860
226
178
207
140
540
43
-281
-639
120
-724
707
-966
-399
54
504
-655
165
-252
-908
387
295
-557
-495
109
-511
-10
-334
-952
53
565
-811
-721
-258
396
419
-719
996
-862
-357
116
972
-651
150
-428
-40
-346
-526
682
402
-433
68
-747
10
131
362
57
678
585
105
-269
149
294
10
449
-753
986
730
-758
681
930
-85
652
836
-935
781
-647
-724
-745
-966
235
-621
-340
489
389
791
-150
-555
25
993
108
756
-302
959
-678
-854
-795
866
434
-995
103
363
-523
-688
-244
-458
650
109
-625
905
-300
611
-717
360
99
230
-293
506
232
733
498
-661
45
-804
-702
-75
900
-940
-653
333
623
7
-304
-900
-124
9
-801
-474
675
-425
-570
-626
743
-729
735
-159
501
-559
904
-268
731
-41
-371
-224
-288
-516
258
-389
-456
162
945
725
-832
-803
825
45
206
581
571
-120
713
558
254
455
829
-12
853
-114
-13
757
619
-283
-285
805
50
427
-712
865
595
-611
26
539
-887
-248
736
495
797
-502
76
-76
-65
-212
-519
-811
801
868
-266
653
-247
278
-34
929
553
238
290
-398
-336
578
-976
817
968
50
355
638
802
-352
133
155
-297
766
636
639
-890
675
385
911
542
676
121
852
-46
-914
338
-494
325
-373
-335
546
763
-311
362
287
297
-726
-76
-345
-521
614
811
182
379
446
-180
490
120
762
-43
-782
438
-923
628
-609
722
-35
-546
46
149
119
-409
-89
366
511
755
-338
342
-321
317
821
-708
127
2
229
-870
380
-282
-193
141
232
26
-865
310
-790
-917
-412
175
-463
634
881
214
782
-651
-421
-151
-897
241
-810
-218
-443
-990
-368
242
-430
861
-71
950
-865
736
-353
367
-682
-660
-767
-915
-577
-179
-183
-482
-989
-302
732
794
47
868
-358
-293
108
-610
47
222
-600
679
-980
-473
96
-51
-524
231
-758
-319
-403
-883
-422
-612
-797
1
209
20
519
-222
275
-193
-429
879
-326
-230
-414
339
-283
633
-439
118
-132
-862
202
964
-355
679
194
-556
917
348
-439
-506
293
-679
52
-941
-101
-872
-163
731
-65
-35
610
167
292
753
-495
-991
-58
-377
-316
810
-238
886
330
407
121
-920
851
-406
-15
969
88
-722
848
698
-663
-697
826
174
-967
-683
-862
200
484
-13
-491
990
-4
451
-831
680
-183
-69
566
-854
895
-757
-774
302
-162
212
-172
483
490
-325
180
384
-465
-438
-886
-875
-120
-748
-117
921
-204
392
467
793
-157
637
472
217
-433
-406
364
-981
-605
147
321
233
-642
-852
-285
405
-620
453
-212
-528
-986
-98
-402
-106
-289
38
-185
508
-571
-719
-143
-171
475
886
-954
-958
-963
-33
619
-568
-887
-61
665
-528
-355
937
434
25
389
780
498
404
-762
653
-703
-50
-310
-331
-986
-324
-492
-129
506
540
-687
109
582
-650
-925
-243
-218
-812
697
-554
-783
-659
-617
652
-77
772
431
-580
-268
226
630
-413
-825
877
256
747
-447
321
-826
-942
-139
-512
-276
1000
-162
-201
-243
621
-456
-990
624
-238
-649
564
971
274
-107
-42
252
625
-817
-562
-789
917
-685
25
663
-132
903
395
-517
-680
883
207
-680
-723
563
-366
455
-894
-356
79
-132
-448
-801
-162
383
-351
796
-809
-726
980
-370
-958
453
-498
67
115
370
-473
-491
410
-153
949
-384
167
-774
736
358
681
842
559
-684
-733
-890
-484
105
51
165
-542
-201
-4
995
429
39
447
931
663
-882
-143
-811
-372
-734
37
-867
-561
761
-641
-826
-324
-960
-984
-766
914
-717
903
-571
-55
-47
152
-40
752
705
-489
-262
-257
958
-775
964
634
83
710
819
-94
-697
952
346
-936
-689
77
-703
909
93
-469
822
-67
-567
809
879
-57
-483
-605
-748
-779
-93
-10
-478
-579
-228
-515
-946
855
-806
873
-682
-502
825
221
-881
693
-703
-584
158
391
-496
-464
881
-62
-656
316
438
-139
712
690
-360
-382
-321
162
-404
452
647
-349
-137
398
-920
-262
453
905
959
129
154
-744
545
-689
204
-951
-152
84
-456
-251
-600
982
168
669
672
808
-714
908
-31
-561
-84
-828
90
780
127
171
-926
-420
-368
-967
266
344
-711
-189
212
493
-583
617
-867
-482
-634
-467
-501
534
-799
728
-102
-956
636
424
-516
-449
153
131
888
-721
859
963
-584
-952
996
683
392
842
-950
-840
-109
-533
778
24
-458
-857
115
41
234
316
-231
-869
-82
962
112
-41
-931
-736
-911
958
-457
506
477
-483
554
472
-801
-498
-130
-751
-338
761
-727
-561
-659
-185
-861
456
413
373
-228
739
61
247
700
-828
-795
770
-564
852
284
-463
357
-240
54
-533
789
253
-31
-342
59
189
976
-111
628
-684
704
325
773
116
-303
-899
-588
316
-95
-889
45
110
438
482
-39
-279
576
876
481
-371
-658
-174
439
312
41
-946
-500
16
-57
685
-110
-797
9
-781
319
264
878
731
-421
-218
400
181
449
-163
-781
967
116
795
842
-847
981
-816
-20
419
53
-980
473
110
-406
973
-206
41
-825
361
260
52
-376
-306
-661
-240
476
739
941
-519
-867
-840
-553
249
955
847
-41
493
588
939
-89
-360
517
942
307
668
471
658
-292
647
18
525
-302
199
-782
-406
516
251
-667
457
732
-977
174
736
-171
-315
582
788
-823
169
284
-354
366
-643
-856
-328
582
615
-670
-711
261
-95
371
516
662
589
-890
177
-161
-1000
-367
-873
-977
807
863
-591
-951
445
754
-774
-830
37
-128
537
-49
16
766
-468
-812
653
-622
6
-885
749
-478
777
337
-811
-47
733
-811
144
860
770
-493
280
736
-444
-719
489
-217
-549
-917
212
545
34
-772
-132
567
974
-480
945
-21
-365
694
501
969
-413
247
-78
-680
-7
-935
-821
-681
-428
16
-946
129
297
544
469
749
627
-320
-150
-340
-535
718
784
-562
-762
729
418
-570
-21
-525
-601
566
723
-122
443
-285
-500
180
35
72
-805
89
758
493
-811
226
-202
816
464
648
-967
929
366
374
925
161
-341
342
591
638
817
547
-239
96
-576
-797
812
-76
383
-597
554
579
49
-132
-372
239
652
426
-389
115
73
-799
-400
-562
576
-476
599
-766
866
-253
430
240
-707
-810
-665
-725
-607
704
-244
334
664
-691
-88
-287
178
540
509
-171
-478
-881
501
595
-679
-900
-967
454
-375
189
688
-953
936
-326
287
787
-136
180
-939
-185
-560
-183
-852
-896
-316
-383
-183
419
714
-675
805
-765
-999
305
387
880
405
-23
333
587
-834
-422
635
659
252
-522
445
674
658
63
-512
656
438
-807
760
-879
-633
-867
540
638
-985
-99
873
574
-795
259
454
167
-764
-657
-246
960
-522
946
618
288
-577
-380
-39
639
683
6
294
120
199
53
-202
123
-257
895
-240
-242
-205
-368
-669
0
448
342
725
241
686
-522
-243
721
-577
-625
8
-597
-448
969
-959
792
-26
335
-88
730
945
267
-148
-756
162
612
-441
957
801
-109
-486
-194
790
796
604
32
-727
-639
-247
-747
-707
761
-344
-155
287
-745
-364
-740
147
105
548
92
-628
-601
-107
91
569
453
-396
369
901
-325
732
690
-530
336
-278
-257
697
32
-447
990
-208
-233
-609
-922
22
-416
897
726
690
444
-626
619
400
268
-291
-475
-280
-130
452
-380
546
183
-691
-985
-482
-412
-684
772
620
-574
318
-588
193
266
-953
772
851
501
498
97
-56
872
-285
902
139
-19
984
416
851
435
-965
-47
-382
903
-474
-307
-510
-158
-978
668
-175
340
637
-982
-394
684
347
-987
185
-599
110
686
831
382
144
-31
-638
128
943
770
-438
978
-720
-263
880
-194
-12
928
205
10
595
-971
907
231
-953
-931
-529
-48
-918
213
353
192
-101
183
-427
600
710
-508
-273
652
820
-153
186
-901
141
-377
-95
-872
-450
-891
-305
702
-862
-398
-511
744
-329
-40
-748
-689
-827
605
60
-371
-655
191
-772
612
683
-487
263
502
360
-995
158
-500
-372
-938
-814
-265
729
-119
-564
425
40
-75
168
269
443
420
580
616
-419
-361
-756
-74
830
-971
-463
70
-458
357
-872
459
363
287
517
548
-94
260
-717
-365
-860
-281
-941
181
202
-216
-994
-356
761
586
-741
899
782
-940
-618
169
647
-524
-762
747
834
-634
205
-247
653
-722
-700
-441
538
-417
-249
236
-140
-633
974
-939
-292
980
-295
-532
565
-479
-634
-97
-862
-695
-929
785
-218
-691
88
-385
-767
851
-75
886
-872
-218
-999
224
366
-691
-541
783
-324
990
844
-59
969
-895
409
90
-374
333
993
-236
638
622
-895
-581
931
194
-409
-837
44
73
607
-271
856
165
953
-222
475
969
-440
708
958
-597
-351
926
-492
615
-428
-309
-496
-435
12
700
-814
117
676
674
868
825
395
-532
-103
-442
198
-691
723
-293
87
-246
-324
647
-981
-367
607
-775
-884
672
840
-312
-638
902
-190
374
601
-447
-952
276
785
916
100
179
-616
555
737
139
864
16
846
-49
771
-922
-846
347
-288
762
572
-615
433
411
73
796
-131
441
-274
-531
994
-226
303
778
-753
-598
-487
-812
514
-751
327
378
-177
-271
886
-407
-192
-961
940
77
801
511
462
-209
-522
-909
-857
348
532
-131
374
83
644
-324
-583
448
-364
-69
636
-851
-263
-38
84
560
691
-31
710
-945
9
206
132
-634
-727
-407
-286
-691
-758
-143
214
774
284
-413
-587
-516
-179
-612
932
457
319
567
163
613
-472
-753
-270
776
216
997
832
782
203
-480
706
33
114
-581
342
356
-166
-445
-314
-883
-300
-343
-399
521
45
-468
-466
921
-902
697
90
-817
944
820
516
-283
374
347
-502
-867
868
761
166
-462
738
-935
451
-429
-823
694
-755
-123
-650
-597
955
395
-65
-512
-128
-410
-815
963
-670
686
339
846
-598
-288
-250
-99
-155
-826
-782
569
-731
956
634
720
-917
811
-30
-672
-755
321
-269
-801
-728
223
-755
145
370
-570
-336
700
-885
-998
103
-925
-728
410
-467
117
584
-249
-758
853
-293
876
129
-210
687
-902
-324
489
-24
-36
245
-194
-813
490
951
114
477
-829
-629
150
731
31
225
-998
-560
758
-323
581
-492
-81
-10
-228
-648
-882
120
-962
774
796
84
-693
-684
-672
113
-940
819
-380
175
295
-209
103
-999
-479
-867
226
-919
-427
-17
-685
-847
49
234
143
821
586
-182
-60
181
-852
-708
822
-545
-391
-850
568
-331
526
-813
401
-623
-465
-497
-621
-386
-364
605
-305
-234
-412
-433
-81
194
358
619
14
-56
-564
512
682
-415
804
61
-403
970
211
-835
-804
-264
910
597
-330
-555
658
49
-384
-707
-346
311
-383
-201
435
536
993
-208
-288
-437
293
148
-926
-468
290
436
593
888
405
-197
610
158
96
519
-688
766
521
970
-628
-864
820
26
4
-564
382
-562
530
-69
231
-759
494
-920
-54
126
-388
-764
-439
-796
681
523
-436
-153
-319
660
923
-7
-17
444
-481
355
137
-662
938
699
-668
319
694
862
807
-519
-898
300
-438
48
-575
174
-159
-457
379
-922
-934
500
-75
-696
160
-595
-146
700
406
373
-389
-458
268
-452
798
600
424
492
461
230
973
120
-914
-909
726
-488
266
-877
55
-799
-798
-322
701
-316
-18
-583
89
836
674
-506
-235
-716
-406
591
-611
949
190
370
440
-792
-401
-30
-115
-757
-382
-390
-245
884
-709
367
642
-507
-955
-100
-266
-416
-126
381
978
-895
432
-258
947
583
890
-664
532
80
263
-29
-155
420
498
730
663
-884
898
-583
557
-812
341
-244
-762
386
213
-471
528
-914
910
505
749
342
804
696
-76
694
589
-988
-670
-149
-459
175
-730
-962
-539
933
712
-642
907
-174
-897
248
582
899
-810
-206
-572
718
-563
-663
-221
-814
236
-417
439
718
834
27
730
-837
878
-730
-105
706
867
356
195
578
272
102
961
-68
907
542
-169
654
893
259
372
888
153
708
-927
947
848
512
664
681
-905
-50
401
973
221
853
235
-356
209
-570
779
-963
532
740
-474
-5
281
357
-352
-269
-828
577
-382
-117
285
-752
-171
132
760
-951
-630
855
-1
328
384
777
181
-824
978
947
-394
757
984
695
496
-491
-311
-667
424
337
64
596
-529
239
-965
756
487
-136
-556
246
-87
-629
-343
470
700
599
-197
-120
775
-219
-174
938
-463
-634
632
590
-568
-680
923
413
214
-456
9
685
783
-399
-3
270
466
-1
-928
936
370
-713
-38
-374
443
766
506
217
-454
889
154
-360
812
-658
-771
-756
-338
709
657
433
-748
-778
-325
-965
-619
229
-138
847
-773
-66
339
155
-222
-699
781
-780
-934
-156
-6
-831
-268
705
-191
-899
-954
38
-655
-735
-254
559
699
-444
339
931
-852
720
159
10
123
-56
501
-539
-902
-721
-681
879
-944
-615
-278
51
-446
12
-245
363
113
-198
958
15
-376
-739
-870
-678
-183
26
810
-35
-698
-31
975
425
913
32
444
568
311
763
446
368
706
726
976
-741
-706
-270
180
407
89
137
979
714
398
-892
593
772
-308
403
-264
-6
929
-290
977
398
743
-23
-478
-390
-261
525
535
-999
250
510
-739
101
798
-2
-493
-557
692
-958
714
-353
-849
-136
-582
-157
824
155
394
752
422
370
-294
-279
-654
228
-111
-357
-248
981
-356
560
491
-538
-340
-155
460
-275
-155
-291
-233
-884
356
-525
-20
331
318
-197
-958
-288
-889
465
639
-626
743
986
602
-369
-815
911
-388
-171
27
660
-151
688
-939
866
970
-537
-426
-264
-421
487
212
559
-182
-914
-639
-583
-645
-971
882
995
-597
182
537
562
370
722
473
539
-893
-501
-245
-487
744
-184
-621
713
-163
-490
-551
416
998
218
-468
-628
304
-107
-211
660
-520
-772
211
-117
-33
-253
-555
-664
-975
475
876
-868
974
-370
-797
275
4
-418
-13
841
92
-7
-187
-354
-790
345
-425
515
796
-78
-269
-725
-293
942
158
674
-312
160
567
-730
-366
-1
960
-835
187
-838
440
-810
-256
-574
588
394
420
-600
-961
187
303
-828
-299
98
94
432
373
801
-70
-913
31
175
-195
-403
445
439
154
405
161
-660
567
-400
-913
869
-416
675
262
561
632
-142
-253
-66
30
449
-969
-877
-563
-39
481
-75
-394
-932
-901
411
-777
545
-151
377
-494
-990
717
-928
-833
804
941
-249
35
-241
-689
-334
618
59
158
-353
-936
-254
-672
-942
708
809
-17
-687
878
-360
724
-900
-816
-871
34
-310
697
-250
-681
865
-890
818
-828
145
-424
-959
368
-807
100
-918
-159
-279
-171
-274
-664
-464
-466
320
-594
969
517
687
626
701
373
-341
948
70
-34
824
-509
-367
641
-780
335
-783
-739
-740
-590
361
-658
-192
639
171
534
976
264
626
-148
227
151
-632
-87
-666
626
-714
-450
573
-87
517
396
404
-851
-406
181
485
-189
443
745
-222
-640
644
144
1000
-628
-323
975
636
860
-617
-580
-432
-249
333
-98
934
176
452
506
-912
-32
-542
49
-325
-391
-770
717
420
230
18
-802
590
-339
342
589
33
576
120
-774
-7
503
-354
561
811
536
-538
744
-288
914
-194
-643
-561
265
-36
-329
874
-249
945
-149
981
-38
-394
570
180
505
-284
771
-363
836
997
630
339
-801
190
149
292
209
-107
561
-320
699
919
119
-480
-561
347
952
-253
291
-641
-273
810
-35
854
-11
-531
-431
-684
106
-595
870
-707
301
-932
40
-994
361
-751
-544
-522
-71
-845
954
605
-768
-608
-49
741
139
799
-901
423
608
-379
-166
-847
90
403
-530
754
365
-661
604
-778
966
-357
-771
-117
-108
-315
361
821
-603
315
-18
-813
264
933
928
961
288
-973
-60
-105
-352
774
-394
296
-266
76
-394
656
-28
-791
879
-506
-591
665
377
302
907
-705
-321
-696
167
662
-509
-570
151
976
948
-561
-998
-112
-109
-792
-782
497
61
-48
-871
667
-392
-341
433
-957
153
842
708
-913
-300
614
-618
380
475
106
-402
523
93
749
499
41
745
58
486
-364
-177
704
-868
884
-344
-738
107
-179
-79
-461
-136
631
939
-872
718
-362
299
657
575
-226
-238
-828
854
413
479
-91
-547
223
525
939
859
-653
642
549
-769
855
811
-105
-325
-712
-8
96
476
-70
224
194
125
-477
-593
-743
-146
-273
987
-736
-861
465
174
-408
-755
-302
-913
-897
-398
286
209
-610
141
19
286
816
-136
-723
-531
-660
-236
693
91
446
-785
498
260
-374
-776
247
-109
921
-732
622
-488
-487
877
-844
-826
-522
443
383
-131
-860
960
712
513
-620
989
982
-280
-691
675
368
312
447
-577
-428
631
-796
819
-479
-875
-914
700
-806
-843
576
-649
-669
-947
794
714
-521
491
230
-810
3
611
736
-15
888
602
-341
256
-86
663
679
43
293
883
-139
371
-993
-496
70
-798
-339
-355
-890
-451
-744
461
821
-708
-49
50
-517
954
-340
776
-62
-452
-65
154
804
849
-183
39
-109
667
-522
309
38
-957
370
-893
803
589
-690
913
-863
-877
373
515
-585
881
-435
-545
834
225
789
-671
330
-277
40
-310
-429
414
729
19
81
765
885
-882
808
-189
-775
610
-601
-908
79
-906
-785
-549
609
-812
889
-827
-357
722
-44
-569
608
-715
-289
-352
-24
282
-939
-739
858
142
-975
299
-183
390
-890
-400
-1
-934
-308
-923
-840
-92
-915
770
96
974
500
296
253
-545
285
-583
-702
996
65
-169
-165
-316
-351
-751
383
-325
549
-800
622
216
-200
-379
282
492
-745
443
957
899
-231
-391
872
-732
463
-319
-719
-253
99
-421
-701
721
410
134
-596
616
-59
788
848
-511
545
470
262
902
-910
-457
393
903
543
-93
801
-689
73
230
-420
-908
911
-139
-604
9
-3
-304
-270
964
387
-309
579
-673
-965
427
-184
580
-104
-923
481
-457
-822
-569
-555
721
-105
804
-968
525
33
-831
618
-57
30
-987
510
-974
-291
797
547
-904
-513
125
981
-477
-449
-203
660
447
-569
-302
547
-834
-314
993
888
138
796
477
-338
-615
646
-721
328
-768
851
-606
-742
-884
-810
362
770
-322
-514
751
-242
38
-896
975
-959
-908
-771
589
-741
-85
138
-854
-948
-510
180
-728
-125
-175
-449
760
57
959
-846
-128
-925
-656
-767
845
-421
-281
595
-106
314
699
-574
356
349
-345
-499
608
128
639
311
180
686
-510
452
-440
315
561
877
929
519
588
-200
151
933
33
-4
-932
309
-853
-480
-377
404
-54
979
-248
158
-964
917
-715
675
227
23
-83
717
-526
34
-412
592
-90
-484
-332
-502
-127
376
988
906
929
613
-229
-924
-868
394
37
-365
-71
346
794
-35
262
636
-804
-955
-342
113
319
-310
-854
907
839
-386
980
-494
112
-148
883
-344
-686
811
-732
85
444
959
-521
-963
-850
-35
383
944
931
-356
137
684
-754
795
-646
565
-959
-500
471
881
-329
7
-614
783
859
826
996
-828
194
-736
-185
-363
780
-149
-768
930
816
615
431
303
817
-433
-13
-938
-639
341
628
-597
398
-345
841
-931
663
-774
409
78
610
405
