59 609
1103 1274 1434 178 1594 317 680 412 423 260 167 141 96 1810 1339 615 1450 1123 1437 651 1286 1197 10 1798 1021 677 1801 1224 450 126 783 1552 1751 568 81 1344 1237 760 108 11 1020 274 503 1467 435 193 81 237 1315 1869 887 953 1417 1248 750 789 277 550 12
726 1027 1146 629 777 66 710 473 1302 1821 932 1312 1192 1557 166 658 1992 359 1090 580 1673 1310 1818 977 726 1066 1726 1514 1342 275 1878 67 1301 1023 1047 430 1088 1756 1254 741 1929 185 404 1120 1741 570 1778 84 928 867 663 952 177 481 1929 1254 1898 1654 768
1591 281 645 9 1581 19 1055 362 1459 1163 1615 199 1091 151 603 210 1892 1524 339 327 451 1206 990 1402 1734 1822 1682 1339 1719 1336 106 1309 1616 1102 1317 1548 1473 723 262 931 1885 228 1481 975 379 435 1185 622 1958 1523 948 408 1080 1937 162 1165 110 1843 856
180 1530 961 1488 1497 415 1156 1397 1887 231 1658 1169 115 1885 649 1442 615 1084 626 1236 1393 500 184 1801 1932 472 314 1448 582 508 303 761 38 1616 601 1886 30 108 1282 268 338 1291 1436 453 1528 436 1894 142 1871 871 1730 1264 1722 1913 1416 5 736 1729 1805
1317 588 459 430 625 426 1030 863 807 1137 496 1074 1827 1787 861 631 1666 1297 876 159 1167 1746 1888 430 1819 152 1845 176 888 1925 332 556 513 790 985 1489 1216 366 351 22 1855 1199 1448 1681 985 308 311 650 1956 1186 1160 1123 1283 1048 1904 1453 1199 1749 1628
438 25 311 994 889 1101 1978 378 668 696 1080 1041 550 278 840 230 1614 1148 892 615 1103 77 1775 577 1711 822 481 1163 372 581 1143 810 605 1453 155 1494 905 132 223 1924 827 1302 1317 1728 1932 156 1957 1545 1655 848 512 1110 1276 286 1686 1338 1459 166 853
1830 1098 1995 991 1703 1799 1145 1548 1056 1629 1770 979 807 1423 295 535 1354 451 843 1251 105 43 114 1566 1670 399 1252 1008 209 1769 1860 390 867 206 1733 921 4 877 468 1059 857 237 390 1664 11 684 550 1365 1486 1392 967 1943 1434 1080 1508 1104 1830 1111 463
390 880 322 779 98 527 511 1018 882 1740 1485 293 596 73 682 611 83 1365 1160 1799 1203 904 1117 1145 689 196 652 144 377 115 606 766 994 1279 1897 1091 157 759 460 1039 498 296 1331 1446 368 364 56 450 1728 1568 601 1282 471 1717 426 1511 265 1430 1655
641 1544 260 1759 889 1891 7 331 47 765 790 1085 1263 1085 767 708 1804 1130 1115 605 1210 682 1205 491 1504 922 1269 1367 1186 698 1021 178 593 1632 288 1481 1522 294 1811 1569 1059 952 1005 673 388 1772 1732 191 1253 846 795 462 1880 2000 953 1735 1273 221 1101
810 1270 473 987 1862 105 1627 1694 1978 1920 1856 1546 1330 807 903 2 1194 674 85 1736 278 1283 530 740 1514 881 44 1248 153 616 701 962 1885 1173 301 98 1629 1927 143 1607 198 1998 1504 1880 1156 758 1881 701 1783 318 436 61 1600 965 800 1113 1846 843 712
350 1810 1764 1312 46 1289 1964 495 917 242 637 875 791 986 731 670 141 1488 903 841 1271 1220 1628 1331 819 592 130 283 789 1324 1346 1139 1485 1110 802 1530 398 765 24 1666 1358 660 541 148 1997 1271 818 137 1110 1720 1329 380 1291 956 1710 461 1899 191 743
688 1866 440 178 1350 1549 979 1231 298 95 1254 1964 1452 265 856 1951 261 478 768 749 1587 839 77 1967 129 1384 28 589 1283 571 1683 322 436 123 499 138 23 1829 1368 321 1923 974 636 1726 1238 1491 1676 1851 320 796 599 1906 1634 1028 224 115 411 252 1055
45 822 738 366 1609 1212 1216 1746 1234 1044 1466 1906 1318 439 541 1043 1676 383 1071 1878 1054 1866 829 960 1851 1856 1183 317 618 1786 1372 663 959 461 1380 568 1672 948 665 1257 343 130 1163 1661 920 55 1055 596 790 125 825 1843 342 1653 1154 545 1860 689 1213
478 474 584 1492 1785 1396 1223 704 1419 170 1368 676 513 1850 190 525 769 596 1579 1716 1385 56 893 1580 749 545 733 1645 405 1421 858 882 247 1793 725 31 1189 1947 1086 607 469 805 1282 1333 654 1823 1857 1775 419 1787 1842 155 1842 734 86 943 1279 819 587
35 591 1796 1268 1189 1589 1992 1219 777 290 656 1383 758 1461 1017 90 466 1191 298 240 1609 85 82 116 278 1167 201 1220 445 1371 159 479 1962 1954 98 1150 1542 89 721 318 731 1376 53 1488 1188 1421 1930 1654 611 227 1893 572 311 326 1039 941 1493 1239 160
289 962 670 1120 1275 624 1217 424 165 1658 1496 835 388 1224 1239 1875 411 1011 156 416 1621 383 309 544 1045 986 1934 1985 478 1173 497 1119 486 1166 238 1760 1789 1806 535 306 1463 31 1492 1850 1606 730 77 368 1740 232 784 1712 966 1444 608 11 429 541 347
1259 65 843 729 550 361 966 309 149 1123 844 806 586 1226 297 435 1183 1378 863 1902 1469 1447 1037 1181 412 480 140 774 1261 680 1473 871 745 315 1599 1646 1027 564 307 1528 1686 1502 333 623 1079 982 1410 261 359 272 514 1828 1718 1551 1360 482 30 1499 1255
1642 530 727 512 1626 1394 110 1272 420 1025 1578 1947 1063 1079 632 1685 509 1613 1094 769 323 1718 1634 150 1787 1184 1861 268 1566 1711 1523 1207 241 601 1719 1866 1994 180 1489 766 1205 1418 1064 267 848 1695 303 1356 1307 1749 476 1982 1818 110 131 1604 1293 344 1872
1210 54 1746 417 294 698 487 512 692 1018 2000 1809 222 1770 872 840 617 919 1495 1973 577 1595 448 558 1412 909 689 1015 554 1384 1238 1763 1437 1335 531 83 33 1369 594 1076 387 945 884 608 714 107 1800 1683 1025 1646 1655 1602 1240 454 159 651 1363 1199 17
1916 582 1255 1678 19 941 209 453 973 1577 1398 400 315 694 1283 1275 1760 1390 1074 1442 766 719 1096 367 310 1549 526 960 911 1724 976 826 658 582 856 676 1523 1064 1480 847 992 877 1247 1659 1570 881 933 1329 622 6 770 1388 1076 217 1754 1385 1766 631 696
1028 707 1671 206 1364 605 1061 39 479 476 1870 1325 1819 746 923 1477 315 1804 409 1996 777 766 765 164 193 982 270 1929 1099 900 624 478 1606 647 683 969 1251 1743 1359 1729 218 1228 1405 389 1973 680 1865 640 483 274 635 1611 1391 1751 1775 1584 1084 44 1512
182 1295 488 660 901 1134 1694 221 736 1437 1580 816 6 1159 572 394 1484 1251 611 475 1733 1236 1109 1696 626 1211 1470 209 295 1865 73 828 1159 560 1839 411 45 1533 632 1132 1321 563 1947 1678 73 518 424 1556 1769 1034 30 1853 621 1490 1548 1246 1053 1369 1807
1699 1233 231 526 392 1142 717 1154 1186 601 137 317 1921 1051 615 1950 1124 1132 373 1031 1252 1758 1413 1105 378 1254 652 1976 306 21 1782 4 1605 12 882 348 1505 1598 1502 690 198 1638 1358 470 1041 1972 419 164 1455 1144 1194 707 901 958 1811 1631 212 814 1606
517 1186 1387 873 791 1750 1754 1490 1254 1703 991 295 1900 981 4 721 21 1975 1139 536 1781 282 81 487 1535 1039 649 1165 1250 1815 770 118 1352 508 1342 494 609 1095 1984 1862 1149 1326 508 1400 306 511 120 678 837 1611 1565 617 244 1646 1456 1778 1036 456 1294
637 270 63 1106 1622 922 448 467 1530 1894 450 1743 1043 1776 250 442 433 1112 562 1463 1948 524 1027 917 767 1024 724 545 59 1179 1838 695 1801 253 153 1774 1174 600 240 1056 493 690 798 1535 465 1400 329 897 511 1242 359 811 1765 1738 1727 531 761 450 1075
1172 1980 1265 218 1780 1869 370 1553 1394 969 1793 449 1462 482 1599 1348 1298 1350 1676 546 212 1269 1257 1022 1033 994 1100 1564 106 1549 990 1277 1881 606 1495 1660 474 1864 1213 1868 833 1357 668 646 190 266 345 1487 1967 373 384 179 1641 1640 1200 674 985 652 589
1091 552 1930 367 432 888 1861 92 1361 77 1656 1580 909 1012 248 1906 1553 865 250 1391 1184 622 1774 1362 263 1766 913 1288 750 1564 228 192 116 157 559 547 1396 771 990 1109 847 645 688 107 8 1287 364 1560 504 614 950 1687 1587 724 1048 201 841 312 1488
1590 1876 67 1782 343 224 692 889 1971 1814 1879 1079 1013 875 1767 1471 883 1405 1835 442 1908 800 1744 1946 738 819 1345 939 1659 1657 778 1600 1884 845 1381 226 1420 424 1114 1390 238 1344 469 1602 571 587 1072 1453 1991 906 246 251 57 341 548 795 1159 1893 1733
817 1901 510 417 1784 1706 149 9 1125 925 1474 515 1162 1170 983 763 1740 1921 186 1192 263 1444 1789 513 1500 130 1061 646 1288 1305 378 457 1205 1240 1225 988 945 1373 1348 422 649 821 936 162 342 270 1276 81 190 1462 1624 452 905 1413 1317 404 1894 729 1402
1533 33 131 1989 1589 1722 1213 928 1019 938 275 1440 1586 1447 375 1748 1789 996 1375 221 1185 836 1845 1988 1740 1609 1656 496 1502 384 1897 1386 768 27 1375 708 101 939 1635 1119 228 261 558 166 60 932 265 200 279 1639 420 1815 475 264 1802 566 224 1458 1413
1725 193 1661 1111 1313 40 837 20 140 127 1655 1258 355 267 1815 872 326 1098 1136 525 1376 774 1297 1190 1600 1912 1343 518 136 1152 1930 212 1345 1591 1674 657 1630 862 1028 1769 989 1034 1026 1695 1301 840 566 1978 289 1701 855 1664 826 151 1205 778 62 547 1295
197 1699 1224 761 1043 814 434 51 795 1296 1078 563 636 464 1940 330 1764 1131 895 1741 1419 947 595 1082 1772 745 638 549 1159 1185 1843 1707 883 1419 467 277 584 1253 679 1379 900 108 1941 1535 571 1881 216 334 1363 1462 427 782 408 1373 215 531 470 853 1432
1628 37 1626 1686 1271 1044 153 1547 1628 1757 577 1006 1008 684 1298 894 1607 1530 1109 1940 893 570 718 1674 1329 91 240 1859 560 1092 1290 539 1480 1268 224 750 311 728 648 290 836 1224 1295 1843 260 945 736 1866 474 1844 157 1718 765 875 1743 93 1317 1983 304
228 1426 1593 766 906 1212 1341 1655 1523 69 655 1812 904 1878 1459 1099 137 755 1834 354 1580 30 511 1298 1146 1737 1392 1591 1053 1726 1894 1632 1152 1838 397 409 1050 89 63 572 157 717 735 1413 947 545 863 1435 1299 1048 1789 879 1077 651 528 575 387 271 165
1791 1997 58 1422 1148 1895 170 1556 944 258 1970 1867 767 1039 954 531 337 1498 1393 1771 1149 440 1911 379 1869 561 1258 443 1299 1528 959 1089 1524 1016 862 1023 1262 1031 930 558 1289 1252 776 407 642 1729 937 978 1579 329 1100 727 768 1011 1105 636 1923 714 1430
1222 241 388 310 1765 1755 1172 1139 1017 554 69 1926 194 1672 701 600 313 430 1536 1290 360 216 741 1086 984 1751 542 1971 1674 1255 1753 1247 1847 492 1556 1611 247 1079 1102 1615 1985 1522 1540 178 1193 592 778 1505 1373 665 1146 1732 1233 1886 817 216 1989 1710 538
14 1316 642 1260 1163 1134 1167 1125 1732 598 226 1346 582 1747 1237 759 1291 1828 1888 795 1553 905 292 1284 137 178 101 704 166 162 1593 179 1478 235 1790 640 1720 956 1764 1451 1553 342 1148 134 88 384 1245 1379 563 1132 525 115 388 817 1399 524 994 1851 1579
1511 364 1172 41 1841 1758 1830 832 1477 1137 596 927 690 937 426 1175 1376 809 419 1106 1723 1903 1631 190 290 799 1940 814 144 142 392 6 505 1915 46 698 1672 227 1529 1148 1363 476 426 404 1764 851 1579 1140 11 1997 597 86 1899 579 627 189 1377 566 1354
1872 707 97 1877 1563 364 1922 260 35 500 1789 1535 1863 264 1960 266 28 1163 196 1519 1525 193 467 1962 443 1046 588 983 422 1153 336 646 211 785 522 1774 1148 444 33 1534 1295 173 1068 1157 437 1380 1775 816 894 1970 686 770 514 1152 732 957 197 1319 1939
971 824 627 1616 1034 1763 489 1159 910 1284 1192 795 579 1364 1863 87 152 1594 1861 1319 487 183 356 1256 1048 1860 339 4 56 1658 1943 1378 833 921 1345 1866 683 1834 1025 1944 1117 568 738 47 283 952 134 787 545 346 457 1031 528 813 639 1576 672 977 1931
1079 986 225 809 1818 1145 505 1684 179 690 1060 122 1807 1979 1212 205 261 163 338 1399 708 684 1856 90 1563 668 728 1490 1691 1705 1773 1121 690 1997 1929 508 1494 434 543 1672 1123 1954 146 1281 1932 1357 1486 544 1519 175 1943 226 858 150 316 773 1169 1395 614
859 1099 386 1979 141 383 260 1000 1876 1045 1894 1899 167 199 44 1800 482 1400 1637 1025 919 1811 1319 1496 1021 1468 163 145 636 1558 758 1846 1008 1144 177 1148 1526 436 499 1753 1480 744 1651 1998 942 47 1797 1423 1446 1785 800 716 1596 470 212 968 1938 374 1112
925 1931 1869 771 939 1012 1299 438 889 1734 1289 993 1565 32 996 1562 974 1042 1711 748 839 1847 1547 1555 1442 17 118 761 306 843 1872 1582 1126 93 704 416 1456 2 853 345 87 493 1689 1651 525 684 1565 1850 77 1275 597 916 1473 496 822 915 864 1291 27
1169 133 251 750 1258 343 1454 1673 1798 1807 878 494 1894 1370 535 1544 246 1218 1108 95 1647 734 692 914 207 1539 1735 1473 402 1377 1851 1570 1509 101 671 1119 443 476 1143 593 283 372 1438 528 94 1972 71 339 1190 1531 434 1188 616 1477 101 1174 1015 187 998
1416 1563 849 1337 1071 1301 359 541 96 1187 1684 688 1821 55 125 348 148 97 770 487 1638 652 1272 825 1620 1100 1277 793 114 1463 143 1881 1025 1343 1569 447 643 279 988 738 1465 671 1777 1285 725 1902 1632 1225 350 754 63 1987 1405 1334 1163 1024 433 439 169
898 1901 311 1130 925 5 1050 1371 999 1328 710 1737 793 1380 1513 77 457 1766 61 1681 115 814 95 453 570 1428 1615 1594 212 53 1762 1461 1953 424 590 1229 780 1991 952 1778 1318 1661 1514 110 1393 1379 539 1849 1496 951 1881 1611 116 1975 63 685 1754 30 630
317 82 743 1777 387 1518 718 1967 297 708 1270 75 377 1283 1940 839 675 1670 1377 875 1166 679 755 1128 794 1081 1542 1830 1186 1571 460 1502 1653 1202 1630 391 1072 699 709 1368 1758 1979 1442 134 1261 1734 972 1935 1403 700 809 568 1378 1915 1695 523 1347 1589 353
532 1159 1164 385 1163 717 14 1553 1788 1064 262 1156 821 592 949 1306 1852 1034 630 138 437 1329 1298 1356 1059 1212 1403 1581 910 991 1933 1793 149 1448 177 1312 165 542 1216 1952 1605 1829 1459 777 420 760 82 271 1793 711 408 229 392 1705 1585 1450 1268 1339 1030
177 329 1315 1969 477 762 497 140 926 1038 1356 1230 994 1536 688 122 1956 1447 556 578 1240 1266 986 1820 9 1042 1756 1458 662 1094 840 1190 1422 154 1511 251 1267 7 742 193 1397 449 1774 742 1985 461 864 1940 260 1419 517 1851 1036 1854 22 1045 1248 1778 854
1909 871 1693 1098 645 1846 960 1247 1465 1319 1988 1657 715 437 1782 1456 421 594 319 712 853 1737 1228 1055 1125 1434 1077 169 681 1206 1022 589 428 715 38 1072 912 1350 318 376 668 658 384 1382 1094 165 1189 1514 1111 1860 225 315 1948 1804 1370 1072 1237 798 1240
1917 3 614 857 430 1680 1247 1854 591 596 523 1319 1263 1180 54 996 273 571 184 138 1681 395 714 1995 343 870 1364 1414 106 513 1006 375 515 1619 1583 1297 1298 829 1502 240 1424 24 1910 1038 1204 1964 33 1828 534 569 1966 214 963 1031 208 1305 1900 1924 1071
358 788 76 732 1655 46 314 951 1695 1495 804 286 918 827 196 308 30 159 340 210 1044 908 175 1257 223 1205 1816 1527 1457 91 597 1814 879 1024 545 533 1421 1210 1835 1467 704 638 1753 1974 1816 1948 281 198 458 972 407 1501 232 933 1109 454 489 1276 1980
1945 1719 929 1758 597 304 654 1481 77 1864 1667 1543 919 656 1295 1244 823 1594 1524 1020 51 848 1426 1903 1079 710 1011 1532 1199 639 1863 1143 357 1143 1253 1305 1447 1906 1137 1523 121 803 1065 1040 1810 712 283 632 305 159 1652 708 1358 1429 610 436 491 1973 319
1689 611 181 1183 967 1324 435 271 1122 341 1407 996 461 561 412 1852 722 1123 487 1353 1428 645 1356 135 354 1137 1096 789 1627 1068 1107 1667 1678 1639 849 996 1314 1284 1618 435 1624 1376 1430 436 288 1842 288 1009 1316 774 714 743 1770 69 1229 123 1557 677 1263
1535 1744 721 1201 1774 359 50 769 25 1685 739 459 1308 114 241 95 402 434 382 1762 1749 1507 475 844 1628 544 72 1750 452 1100 1364 1987 844 84 1187 617 795 1588 1737 819 1272 827 1629 931 941 1869 1026 1694 302 1759 1455 403 1266 282 1246 893 1177 1669 995
1628 769 358 1614 1964 794 1153 932 1588 740 668 406 12 1847 386 942 1139 255 1967 1184 908 1726 638 1310 1343 1271 907 235 447 576 1581 75 1696 1939 1688 1659 732 840 590 671 1932 1609 1428 1943 1455 1813 884 945 67 1203 128 1327 928 1118 988 622 388 1895 1208
835 822 789 909 869 1079 948 527 1810 140 1468 480 71 1428 259 365 883 71 1248 1827 490 802 307 1816 1729 1424 1155 350 1811 1401 1558 645 222 698 1905 1442 1776 1205 320 1937 1696 1787 768 118 1215 1026 482 449 1096 81 627 1585 883 933 1752 963 356 907 1665
167 307 1574 1163 881 271 1420 322 398 976 642 334 671 780 1101 1140 1994 126 1973 442 1221 405 1421 1158 1639 353 909 602 1061 1815 618 1579 474 543 741 1354 1165 512 27 1562 1487 1020 1895 509 1800 1347 2000 145 1472 1972 939 1044 377 359 201 367 711 1462 968
123 1628 1937 1701 101 479 794 1806 1643 1305 185 1556 1144 1204 1802 1652 1355 1148 4 1500 619 1975 438 15 703 796 567 1070 1858 28 389 333 8 326 33 108 1156 826 266 1151 131 802 706 1626 357 860 1277 1712 7 1280 1563 978 1607 2000 992 309 1147 1910 1730
14 30 39 41 30 10 33 36 4 15 37 6 27 13 26 44 58 27 12 26 5 52 28 47 7 38 36 58 15 34 29 32 8 12 18 37 21 50 17 25 9 54 34 36 11 59 24 9 30 35 38 39 28 10 26 38 51 3 40 6 40 10 42 47 21 59 28 46 53 44 11 2 42 48 41 57 52 6 10 22 40 48 1 12 2 31 50 53 37 30 3 17 43 44 4 5 47 35 54 44 19 9 46 6 56 31 3 48 36 16 11 21 4 15 32 6 49 26 3 26 1 5 46 43 53 49 51 40 24 45 29 47 53 15 56 50 49 3 42 26 18 56 46 26 16 18 35 5 44 37 31 48 41 17 31 38 11 27 23 38 12 51 29 10 10 25 4 58 31 45 24 49 42 14 15 57 36 49 6 24 26 36 12 11 57 42 49 12 13 12 53 25 7 23 38 16 51 41 14 23 26 42 16 12 59 30 13 35 23 19 58 48 58 10 3 59 56 55 11 9 11 5 37 17 31 15 36 26 59 54 52 26 36 8 41 35 37 58 15 4 17 13 51 19 23 58 19 23 53 29 31 5 37 13 25 12 27 2 38 31 55 34 1 35 42 41 14 23 39 28 27 59 41 22 19 8 20 37 30 14 10 5 22 47 17 46 58 48 47 40 19 46 15 19 21 1 4 35 23 47 3 53 46 47 16 9 54 35 49 24 52 59 29 18 50 49 9 52 37 59 33 59 46 51 18 7 51 22 45 18 9 52 12 58 39 27 12 34 6 1 57 3 59 30 24 53 20 32 46 1 32 23 1 18 18 22 28 9 43 18 30 55 10 41 58 48 12 10 26 22 10 24 28 14 57 51 11 21 24 56 26 55 23 26 17 40 47 48 52 35 6 23 34 19 8 36 8 24 45 37 45 59 5 13 17 3 4 27 27 27 28 52 26 50 22 46 31 10 35 23 48 44 49 26 4 57 3 15 21 47 51 10 50 56 22 7 3 29 38 29 1 6 22 30 55 43 17 30 56 51 53 48 35 42 15 42 43 17 56 4 8 52 17 3 48 42 13 50 12 50 23 16 59 44 45 59 32 2 29 32 56 22 25 36 9 39 18 51 59 19 59 11 11 16 13 3 58 30 56 14 20 19 29 24 8 18 23 43 24 51 15 20 18 39 59 30 22 18 21 21 40 24 36 54 40 52 56 42 22 52 55 46 11 28 10 18 45 32 1 13 27 20 33 48 3 32 18 25 53 43 49 37 7 25 31 50 18 27 36 39 23 35 25 34 3 38 55 52 10 1 5 41 20 41 33 22 18 51 46 15 38 40 52 48 5 23 39 26 54 15 10 17 54 34 54 56 13 50 52 26 50 2 11 14 42 44 35 4 39
