85 869
1834 349 42 623 291 1918 174 1539 93 1595 1365 176 1201 226 778 1473 1829 724 1935 1220 305 1666 1599 1360 773 275 791 850 1154 1424 556 1339 124 949 314 414 1218 839 304 1663 433 20 1838 1985 598 967 1458 426 43 1392 1997 347 1409 1948 59 181 222 849 1030 1728 624 1937 1418 747 1237 1731 1512 807 570 168 469 1354 539 658 1339 1136 1624 1148 1914 1666 891 1910 365 299 1857
423 831 431 1271 213 510 246 501 1927 1344 1738 10 1207 544 579 1726 1364 1932 265 21 1622 1400 1644 1121 1313 1662 11 1575 26 661 1783 800 1844 213 422 56 1074 667 556 1001 10 645 1010 1568 1188 1940 1294 903 223 1558 923 197 957 919 1317 622 580 1680 548 957 692 330 1756 535 895 177 590 1968 843 1146 1320 1204 1790 681 771 1330 972 64 232 1195 1621 1507 1391 930 425
707 1903 1356 738 450 312 1430 1131 67 1964 377 595 554 345 1437 51 16 992 192 1049 1762 1873 20 178 457 1214 150 1963 604 1079 739 1663 1333 94 400 134 405 181 1617 823 145 1993 1417 1050 689 1205 1452 705 196 1643 1753 1957 1868 1772 486 324 1338 636 638 293 66 1376 307 1399 1469 1059 1884 225 1239 1500 1399 1383 1493 815 432 533 19 1883 1237 566 1878 1341 874 1745 1465
1360 420 1154 1995 1409 1446 60 784 1753 1810 604 811 46 828 401 1545 226 1784 1389 1392 567 1922 1762 802 1510 327 1031 1203 1200 1127 1019 911 1546 172 905 954 1617 1317 89 1721 1478 692 883 1523 1871 1284 1420 448 1419 808 1839 1985 1081 1952 1138 943 278 168 145 1829 1294 1163 740 1191 1686 1996 144 1654 1312 584 1727 1142 1275 609 664 1145 244 83 1944 1662 1243 1782 1999 675 85
1488 1617 362 1656 113 543 949 1627 1282 492 1312 1277 635 966 941 1219 692 82 845 1652 1097 342 248 1180 285 1909 774 419 259 1448 503 1747 1417 1217 1754 1529 1759 1054 1156 1040 1545 467 668 532 1784 1960 1750 827 393 946 831 1490 1287 1078 1021 1572 986 1794 342 1597 1593 844 1695 1009 60 1448 538 1818 501 45 1209 398 863 229 929 647 188 1030 1825 933 1975 655 422 1262 1732
1442 1185 1070 1587 1526 1018 1531 721 712 540 1133 511 1429 1302 1363 1473 863 1760 335 1091 688 1333 1630 1717 1510 562 1692 516 1335 1305 248 776 841 1669 714 718 686 245 1438 1749 1136 570 259 564 224 1621 388 1086 1733 1074 176 420 759 157 489 268 1071 532 783 405 188 1382 1533 1028 1050 246 97 87 842 1534 1835 1977 456 93 540 679 66 1279 1764 150 353 291 921 1111 447
1409 1730 1517 292 864 274 479 598 1806 1858 1647 51 1954 86 893 1840 1920 1221 295 365 113 1325 782 1391 1440 931 95 82 1851 1557 880 1260 1638 749 1903 502 1022 382 1099 827 239 1097 1229 193 1182 473 384 1454 1694 1030 1818 1806 354 951 1548 145 1881 1643 226 1731 1551 1105 1342 1189 1853 1245 1690 1226 1978 1140 52 216 588 1633 760 122 105 1143 1575 150 524 1744 307 877 694
1855 1373 574 1849 1598 656 1399 1055 350 587 1259 1594 628 485 1923 1767 888 138 355 520 1250 476 625 744 402 774 1268 145 1081 496 838 1287 1869 1763 1135 1818 418 533 1224 767 1472 483 712 99 1319 634 218 206 1124 924 726 725 1751 1702 1820 152 827 1439 296 259 1935 1485 1545 155 1247 1031 324 16 1916 1548 1135 1387 382 1846 1837 1700 832 54 257 307 977 1334 1031 727 1387
1202 1230 214 641 1877 472 927 1361 369 1433 959 1399 1756 1327 1314 1655 461 700 388 658 537 87 1841 942 696 147 1919 29 1529 997 1416 731 579 1981 1723 455 804 1001 168 1172 433 1126 571 540 804 1884 195 1264 936 582 274 1824 1021 114 1117 1716 261 1387 96 141 384 1863 1223 962 1843 945 1768 647 1945 1935 170 729 1413 740 1269 216 976 1815 1832 263 748 105 86 1768 570
1202 1835 1182 589 283 1323 1324 145 897 637 340 194 404 1338 490 691 1507 1219 103 247 839 670 1574 653 853 1836 1400 1309 1921 1520 1879 1474 1354 1060 414 1988 734 1737 133 1983 725 824 176 1129 161 665 1819 19 235 273 617 1073 1294 190 1725 147 25 1477 1455 297 996 1333 123 701 745 536 689 1830 273 1173 1812 997 1996 339 477 508 1004 647 526 1238 919 1143 311 213 1332
387 711 1709 1863 165 5 1210 1850 127 263 594 1015 951 775 1639 475 939 635 470 1277 1464 1329 280 110 1854 1870 1381 996 532 1945 680 918 655 388 1133 1171 744 694 1020 1223 956 1965 237 1906 740 1875 732 1678 861 1201 1306 676 529 1938 1138 735 1807 870 82 338 814 761 1607 1820 1500 1091 990 596 1785 362 170 740 326 406 998 1065 632 1729 1094 1844 1282 752 872 162 689
9 896 847 878 978 1184 43 90 1142 1862 1942 233 1203 537 17 1564 706 1108 1890 1463 105 1306 446 186 752 289 1819 1855 1160 1980 543 1520 1228 1389 397 205 924 791 646 65 652 587 649 207 1475 1017 122 180 125 363 1642 581 21 439 1118 1124 728 936 978 239 916 1520 111 143 1260 507 699 183 1650 1696 599 653 635 1600 859 109 616 1333 289 1092 1695 282 1673 1715 721
1142 838 1800 78 167 390 1345 38 500 1839 1297 1359 889 1831 1008 584 782 1660 1218 381 871 1327 996 203 1967 440 1897 600 112 1964 1672 1253 1153 1471 1682 1320 213 1026 1357 1064 1216 1006 774 104 836 133 1040 1969 1793 257 349 1015 1935 1697 1217 253 136 1465 853 599 1780 524 203 933 347 1885 604 911 1262 312 1974 478 1317 1100 581 505 1232 1620 473 1024 229 1174 390 515 870
1958 768 1357 1423 1972 1955 1554 847 157 838 1545 393 1441 455 1655 105 781 132 1773 1880 1064 277 1111 684 1102 487 1264 275 1228 1778 1496 1186 545 852 960 868 1158 513 1715 1314 1351 1259 59 1143 1714 1713 1247 846 196 1020 1077 1259 1648 187 294 1101 1025 1557 1727 253 1335 1222 1790 231 425 749 1099 1934 1261 813 1600 611 423 1658 106 136 1370 1352 1333 1565 723 409 823 723 948
1469 1823 1972 1025 1550 576 359 1123 365 942 1548 1113 40 1833 726 1204 1432 1688 1626 1089 1793 114 810 1497 1446 374 219 1855 1549 941 1154 1017 764 1125 393 665 53 1104 1787 417 45 1686 1882 436 1519 607 1991 950 294 1616 39 439 81 848 1935 1879 1574 505 85 1474 1446 1238 842 561 362 1234 1225 766 337 1363 1535 733 1049 1416 1168 567 374 1158 1516 1019 1126 1906 1457 1558 1106
1743 1436 1031 248 1520 504 45 757 1345 957 1471 930 533 236 1267 1895 1770 1999 943 1537 1519 1861 262 1028 1729 1281 505 1986 1089 63 1091 1184 1850 121 1431 1370 976 1827 478 672 783 1948 1602 1315 536 1220 1209 657 1570 504 194 1088 716 807 468 444 439 972 430 1880 1386 1872 1063 1236 345 845 605 1320 671 1082 344 1453 1382 1945 1119 1917 1164 679 573 733 1182 1118 173 250 277
640 693 715 1963 1474 594 1349 1346 8 584 1690 852 1540 1361 1522 973 1704 1326 354 1648 444 622 1163 1475 1547 248 1008 664 420 1257 940 1411 1950 7 1373 1423 600 721 768 608 1656 809 1811 1547 170 1333 520 225 1010 1225 225 1454 199 1739 928 1745 1986 1935 760 405 1544 52 1815 1493 58 1540 1267 1009 260 387 1968 268 1195 1779 1814 1716 1463 685 293 472 262 517 277 460 255
1556 204 241 1843 1315 997 1386 1366 1164 1230 1423 703 496 432 1314 882 751 1933 429 529 99 496 1991 783 788 815 1396 1304 1443 1855 1911 999 410 503 1193 1725 1851 578 1090 1366 1807 865 420 654 1648 1734 1536 398 18 1964 927 116 459 1269 1251 1599 435 646 1254 1878 853 1164 876 1262 18 68 1338 1869 997 780 1586 1155 1644 6 1808 1291 91 1695 1688 108 10 966 224 821 587
1826 419 1021 471 1672 898 1323 1188 125 937 1205 544 274 1425 1892 1053 1011 1046 1048 1016 854 338 1106 900 26 1565 910 1343 1788 1730 1929 1965 148 950 436 1819 199 110 1006 676 1398 563 1571 1672 1987 1463 1076 1349 508 124 364 1713 813 1821 613 1190 1386 1522 533 1525 1603 461 1490 1750 1762 277 1920 313 386 1278 1340 1784 1840 910 1807 178 372 1234 1527 880 1709 242 944 522 63
1908 1711 1800 1781 595 1324 1383 1408 813 1132 1521 1441 1052 1833 1827 681 1524 1962 520 434 120 1049 805 1705 927 36 1414 1169 1332 287 1583 1239 349 1382 1020 944 705 402 351 1870 1886 1871 1310 1289 56 1488 1969 1579 1801 840 12 272 1888 1169 1977 815 1204 1742 335 535 28 1917 126 376 1298 1145 1671 354 1898 21 575 1783 244 1885 1071 299 1724 1039 229 1525 230 593 1796 118 1761
124 1284 1316 1865 1618 1851 244 1886 328 972 1535 1472 642 1888 1721 663 463 1504 906 699 926 1556 422 317 1784 298 546 376 94 1015 488 569 298 1804 434 267 6 1029 152 333 2000 38 1804 642 278 1524 1656 1092 1379 913 1790 657 468 563 973 603 861 1518 1331 1306 533 1818 1874 1182 1621 659 1801 1978 1688 304 310 1687 342 113 328 619 1989 335 1710 1719 1247 1851 375 66 765
1699 669 1625 1217 351 1282 101 520 1508 1634 493 166 1434 470 1853 1738 780 1892 431 1244 571 1049 1232 906 1110 1303 152 1312 29 218 76 1728 1238 53 944 1588 1686 1396 107 1193 1381 599 1359 815 1069 1563 904 1848 1454 1334 1091 377 734 675 1282 195 329 1785 1506 357 354 1933 84 1591 1985 1379 1530 1671 1126 1989 863 507 939 573 1673 7 136 928 206 1941 261 1649 317 1346 675
1950 1540 1003 1735 1397 1711 88 1329 1795 31 1666 1173 1560 1336 299 1900 550 1157 839 1475 829 1197 1610 1756 1755 1902 368 1403 571 65 429 520 1604 1783 254 1000 1493 694 328 1639 1076 1993 812 987 1680 1462 887 582 970 1725 56 1798 1273 17 1905 1027 1918 624 781 488 688 1209 1360 643 1343 1965 1642 836 658 321 474 85 666 1637 1072 345 1450 1958 1278 419 34 1333 568 1306 1701
824 333 1619 1447 1113 458 486 674 1817 1128 16 134 1121 851 1143 1442 1677 1228 107 1665 299 803 1115 608 433 1533 641 1765 101 298 1818 1276 982 1436 723 95 245 1208 1120 414 688 1135 547 1808 338 1689 1249 366 916 1707 30 1566 862 1144 173 1294 1029 1165 1410 1481 1815 1227 756 796 1014 1830 1242 1611 1390 361 376 77 1848 922 1884 537 962 1485 902 230 1543 1283 1795 756 427
320 401 1807 1836 163 1287 1650 1741 394 798 1107 224 39 717 1613 752 1092 1689 599 365 1924 1135 1326 1760 388 1907 1303 1670 54 410 448 725 811 254 560 1325 1892 562 1065 286 1359 171 509 1749 887 473 500 330 513 1450 1046 436 584 724 196 1323 630 1850 993 1035 611 1792 1759 1773 398 671 1097 289 1232 162 926 942 332 1786 1042 1571 258 1542 252 770 991 1298 1558 1927 21
105 1249 650 1954 593 1685 916 385 1795 689 782 465 1785 1422 48 1946 348 1341 630 133 383 200 391 1924 803 1512 1266 100 1069 1192 120 1173 793 1122 1478 1385 1158 394 121 1304 1434 1254 1769 1218 676 168 1516 1375 1509 145 1507 243 696 249 518 1498 1761 1783 1950 1181 1327 421 706 119 1542 183 1855 1051 928 328 355 361 1581 475 1931 608 642 1446 1982 502 1942 1489 744 989 89
1261 486 201 1044 787 1382 722 1208 87 1192 1101 621 1398 152 1549 1725 858 261 1658 1332 191 265 325 1988 247 827 1929 87 1570 917 175 831 1755 728 226 541 461 1299 1748 547 490 1201 1519 1887 1352 1419 1612 561 1680 1269 1892 222 1885 568 210 131 1394 138 569 964 1407 744 146 1161 1823 723 53 283 21 153 829 862 1353 699 748 1056 118 711 1616 149 1979 1859 370 216 426
579 346 1820 1069 915 1135 475 10 1632 1635 1832 706 1687 114 726 1839 1294 1587 1191 344 686 598 461 1397 213 609 1727 71 979 1942 849 1909 640 1020 977 1554 154 1451 1915 137 1437 98 842 1124 211 1919 1314 1856 1857 857 199 542 1454 1012 1938 19 1620 17 441 950 1958 1289 859 597 308 1835 502 813 1638 768 1301 1074 865 142 549 1427 412 1863 1282 268 1071 1833 810 876 844
1099 894 815 1115 1335 117 1425 975 1327 373 1283 1161 875 447 1150 1642 1748 224 859 241 772 285 653 634 1919 920 56 103 81 932 1298 1180 1825 464 646 1511 580 70 486 1906 443 120 1419 1669 918 568 1662 1017 791 520 1258 1563 1157 262 548 1427 1533 956 1529 1614 1887 1178 1145 63 1641 1790 1574 221 212 411 478 1006 530 248 1026 1447 1168 687 816 1958 1559 73 1872 715 686
772 493 218 1727 21 1831 1965 1198 975 27 1190 1117 1600 1762 1680 10 240 685 891 839 1710 690 6 748 1505 316 306 1929 187 1372 614 1310 1864 831 1388 236 662 1352 1785 1988 1379 975 1104 1330 736 783 1692 1327 1819 934 518 1880 1623 523 628 1479 838 933 1407 1377 657 20 1038 520 1203 426 1108 216 1777 892 203 1507 218 1659 1189 1306 793 1232 984 612 165 1501 491 140 24
1118 1618 1213 403 1377 589 1059 1748 1627 1930 950 404 1037 1165 180 281 1720 39 498 1378 1579 155 522 810 1139 1133 1326 991 1976 1465 1014 1445 1435 579 1847 1163 1167 1257 910 1145 1187 212 1548 575 1728 80 855 1799 470 1705 1176 48 1859 1698 1209 1349 1182 534 340 1509 351 1705 954 137 283 1152 1299 1802 409 560 946 1947 1123 846 521 851 925 1376 649 1394 1432 177 1793 1290 226
1001 991 1759 1886 1330 1268 236 1034 221 372 1669 1724 22 1470 484 582 767 430 1704 1612 951 906 888 678 1907 633 109 83 777 1750 660 129 740 418 15 69 37 602 1455 609 1326 1475 333 1347 944 816 280 62 1598 336 26 548 1241 1265 1577 1147 1898 37 1581 674 1786 592 803 878 1362 1169 946 1398 1770 752 359 1447 226 691 1146 1521 1858 1425 1935 1455 1760 1960 354 1353 1224
282 499 1473 318 432 499 104 1023 1653 981 384 821 278 134 942 1382 492 741 1959 1534 1886 1832 1391 1662 1766 1198 1422 77 1903 1126 1652 185 1976 1125 502 407 1623 957 1782 1627 289 517 447 567 650 1740 300 1493 480 258 1026 717 89 769 379 206 318 152 282 220 1277 286 404 1252 1410 1258 1659 1384 214 1792 1010 503 308 1808 1421 958 1899 1720 802 731 329 180 1447 770 1300
1825 975 1617 1976 1609 188 1604 1894 592 856 1655 201 866 1390 414 1009 399 916 1316 558 336 625 456 407 1427 1186 736 1606 985 1505 905 809 831 873 1137 439 1060 740 684 3 1947 338 203 1164 1727 969 172 477 1884 1840 1034 572 464 1842 978 242 1379 65 1847 363 1569 1103 1524 400 327 660 1190 1739 1751 1874 1741 50 211 296 1565 1938 1264 89 414 1499 1928 1800 422 391 1993
1400 985 1723 1464 831 86 1385 286 1961 136 964 972 1325 702 722 1198 795 1123 1409 1442 1040 1698 705 1128 463 555 1407 614 977 149 606 728 1133 329 543 1964 766 1927 601 726 62 1564 1697 1739 618 770 936 1412 245 696 853 1284 745 1909 763 1208 463 169 173 1791 317 779 518 1450 1459 1061 1765 576 1339 717 1301 1753 280 1349 1491 1249 470 778 660 714 1474 1864 349 570 1772
1111 1777 587 1279 302 377 1948 1080 1247 1397 890 307 1161 1465 1997 1877 1117 1749 508 465 1239 1757 1286 17 768 352 1842 632 700 411 755 163 540 1341 1793 841 70 1740 272 1316 1136 1161 1974 648 977 1970 876 93 71 1384 909 1309 1492 194 1677 259 545 1518 1242 1597 1929 1997 1759 468 1337 1551 1308 1758 1291 1931 1425 778 1091 1750 1426 419 72 301 511 142 36 1771 1802 1527 1964
1479 138 861 996 1379 809 924 1375 919 1743 1064 469 1402 1173 111 1332 598 889 774 347 666 1192 770 1318 54 911 1354 1824 713 1232 140 191 1721 1000 1538 1100 160 814 826 1078 556 1889 1898 310 1414 9 1641 11 1249 415 709 266 1958 1479 1583 12 389 1288 1835 1453 872 1974 1995 592 1325 1533 43 1484 346 869 561 1253 1109 459 1562 522 819 1555 532 419 321 1593 684 278 1071
266 289 1811 1906 124 1264 777 449 1258 1368 1774 790 1411 1609 1487 631 170 740 1739 980 653 613 1798 207 1496 216 527 1088 1251 805 158 1868 1445 1969 1773 1920 1232 549 369 841 269 494 1631 31 102 1469 1013 623 208 751 1602 1213 1715 1751 1419 1211 318 298 298 1568 1102 808 1436 898 776 1208 818 359 109 1538 1199 729 31 1181 1111 132 1002 123 755 1209 1225 708 773 940 459
192 150 776 489 799 696 1942 1606 131 839 733 1690 8 1443 150 1545 994 1230 1927 174 692 59 1527 814 1165 1088 391 1872 1860 1330 682 51 1831 1810 891 981 505 832 587 987 23 1671 1028 382 1114 1530 279 107 1111 205 632 1803 615 159 968 1779 1246 1358 3 1105 1039 684 1508 869 493 398 202 1349 1582 788 687 1956 458 1715 337 1571 1596 615 1677 706 1172 309 508 1786 819
1476 1565 64 833 1919 1168 224 602 1027 1092 1447 1425 1645 795 1358 432 1482 1313 1242 1548 1 1164 1143 968 1193 1848 139 1853 708 1924 671 183 1840 734 1367 1758 253 1590 712 1280 1034 158 1056 678 1304 413 1462 785 1725 1055 684 77 218 178 1044 1410 378 1182 1614 1085 1458 284 1619 1297 1369 1337 1055 1974 1279 1766 1605 312 275 660 1341 1578 1424 1154 715 1500 208 1398 1576 426 1928
620 187 305 1801 153 1389 1258 788 1359 907 157 695 313 482 1973 430 86 636 704 1097 329 633 520 1482 1347 371 42 1097 1946 819 1024 565 1005 1328 718 1509 1068 327 297 426 1233 805 1472 1897 1286 1445 326 1723 432 1381 819 760 14 1690 594 1712 60 635 1160 357 1453 183 922 809 1862 1991 318 929 317 614 1706 1902 1418 1178 1798 1055 974 476 777 1757 208 1947 517 573 1988
1462 285 399 448 1444 755 1900 1979 1676 1060 1840 18 1377 1121 335 342 1178 588 111 355 737 1517 1680 1212 645 1437 1772 591 305 344 930 1766 980 1328 213 776 83 464 754 110 1523 945 128 1252 417 814 1945 1595 1401 408 301 137 1924 1981 1701 921 1417 1472 1511 73 167 441 190 1147 120 402 1922 554 1217 1027 664 739 1971 1143 342 740 1956 287 334 1708 1046 634 1844 1321 966
1544 241 734 1367 104 806 1534 544 995 1032 1015 1748 953 1569 964 1979 584 55 301 78 396 1040 385 1034 1725 92 431 711 287 1752 1676 183 1992 410 1549 95 1567 1434 990 914 465 357 661 1417 1925 1977 1747 860 31 400 937 778 1791 1321 1812 1516 1412 594 226 50 345 253 232 689 662 133 1135 581 1566 477 1494 31 833 506 1799 1109 482 1898 1968 512 297 1256 1642 87 576
1805 1954 339 398 531 388 743 784 972 1783 1797 1104 917 377 669 1745 1870 699 577 728 850 37 1209 747 4 73 1395 1611 1714 1833 186 1518 1787 876 1915 317 1616 1009 1100 587 791 1249 1690 60 1625 358 1804 1847 1409 381 574 610 417 1782 1356 773 1854 750 735 1567 582 921 1436 720 148 1351 1389 1763 359 840 349 1502 88 390 1561 1713 1100 1364 1911 508 96 836 1117 865 617
824 1989 823 1925 723 741 858 1995 177 1578 143 1879 966 257 589 157 958 90 245 1347 1650 309 446 1014 219 1305 1109 1406 773 325 22 1948 313 1196 1872 1036 289 730 1030 817 659 1172 1047 1976 1429 1635 132 386 1725 376 84 1726 1036 882 739 1606 186 200 1011 1311 524 1385 1258 837 932 1130 224 1220 211 1253 388 869 777 1434 844 557 1069 975 1294 793 1703 1377 518 738 258
1609 344 796 160 1706 106 1035 1090 1363 223 22 844 446 1593 1054 51 1981 1922 827 1414 765 1383 482 92 676 1626 1794 404 496 531 662 104 1226 1809 615 932 1914 1649 373 1628 224 394 824 669 1987 1877 719 1967 151 1897 1380 1267 1279 214 1358 306 1839 1151 710 334 34 1723 789 1611 1531 1403 542 1796 1404 915 1775 1627 1660 598 647 1646 827 1718 1964 977 1614 1696 243 893 1909
1953 1550 99 1455 259 433 1488 1981 1573 1099 1863 976 1992 1658 731 1258 1433 709 1270 382 1355 1267 1208 1072 1231 536 686 926 779 1930 1186 1083 1479 1284 537 90 1716 25 422 1641 1475 285 968 1818 294 1698 1428 78 406 697 460 112 1963 1667 1184 1193 203 221 470 1333 150 1655 415 1980 1291 1303 421 1358 1679 843 998 1153 1479 1965 1323 1772 1662 750 1850 419 1798 309 531 1760 327
66 1305 529 286 126 213 787 1781 979 766 1423 282 1539 780 1960 381 1778 1465 1859 94 787 1630 108 1888 1831 526 1685 139 1408 1796 466 1473 1100 1346 1758 1226 1559 544 1358 889 1662 780 1170 1552 1911 1482 1932 1688 946 1790 134 84 1771 241 323 1602 766 359 92 174 154 557 1998 1254 255 108 831 165 1003 540 1053 664 1319 575 215 1581 56 498 1621 1001 639 1754 1436 762 1994
1758 363 759 116 454 1284 621 1363 1634 226 1969 1741 1056 133 743 1947 1185 1759 1265 1759 325 1198 166 823 818 1518 1461 571 953 222 564 1062 936 1674 1529 1742 1310 150 1456 943 375 1424 683 1783 1908 1425 1729 1092 1183 1346 1203 1508 543 1368 682 1712 1238 494 282 190 1068 845 1604 3 518 1132 96 1827 1633 1551 1121 360 1326 1803 142 1233 1228 222 677 762 1919 231 621 813 1950
1302 524 1187 1796 805 1377 863 1 1332 1217 871 463 1313 1049 96 1215 170 455 541 1972 948 125 1551 1521 801 665 1792 1031 1285 604 1333 587 1480 519 734 636 247 1596 989 1578 1164 1859 393 476 907 488 43 1428 1294 935 1752 593 1059 1302 113 212 318 256 1594 1603 1212 926 541 691 1445 1274 1678 43 1221 666 1621 384 876 13 860 1783 852 902 1562 145 188 1313 1089 1246 967
1553 1457 1284 1809 1403 886 1020 328 1426 62 124 1051 1739 167 271 757 139 655 1632 151 1514 1766 1002 767 1328 1498 954 992 938 551 1958 490 360 1242 298 1762 479 1669 441 257 1730 565 1307 1821 1083 1578 577 1221 232 560 1371 97 326 724 1215 5 573 520 996 1510 1070 1306 1999 1781 547 649 1542 1377 317 335 1633 399 899 940 219 1981 869 1147 1201 1100 1706 923 1196 383 1646
410 387 570 929 1735 79 350 1040 77 131 1938 1077 24 1314 1394 358 947 1792 1608 238 362 1588 1106 1508 1140 557 1565 62 1752 1948 59 513 334 628 1793 420 706 142 1459 1135 624 1396 563 648 710 1956 1357 8 99 965 597 812 904 54 319 44 610 1884 457 713 183 516 1225 868 1495 1017 1288 201 1510 746 1687 486 494 249 1485 1555 557 841 1562 1007 157 510 1819 1061 563
489 1104 1524 724 1912 236 906 427 1460 1774 1922 828 1061 474 689 158 512 1174 651 1112 658 205 20 1851 118 1027 7 627 1197 1067 1541 1685 522 1064 761 434 1651 1666 1212 1110 1791 1133 289 1203 1958 978 1361 469 503 11 1933 1161 216 1952 1011 333 1330 1017 1312 526 436 1204 563 957 620 1323 1742 270 1340 954 1732 1131 86 372 333 396 1349 1693 1216 1852 56 1148 1364 271 1100
726 955 429 1742 618 1307 529 174 1869 1486 793 1543 1227 1414 882 180 1145 364 618 1869 697 1365 1217 741 580 1420 796 1728 1135 1418 1179 1860 725 1959 1954 1694 1265 482 1867 1485 319 1011 1027 1546 425 1909 77 1921 624 1046 1789 1320 410 1358 413 1342 1129 1560 1069 264 1330 599 475 54 557 428 99 174 910 318 1658 1228 1328 685 1125 104 945 1554 377 1568 951 517 1240 1713 1874
1652 1054 1355 1563 122 1970 892 720 444 945 1628 872 1396 1801 1781 1713 1459 1360 1040 495 837 1496 1791 390 1872 1358 1692 388 949 1404 614 600 457 320 515 578 289 1406 1649 732 703 1629 1603 98 1429 1735 1810 1239 1447 1201 1733 283 1048 1523 1024 1271 1233 715 1659 181 471 624 1133 927 1295 1647 1857 1583 1052 1857 314 1754 1485 269 203 914 355 364 504 1801 1565 237 435 964 111
1810 235 1343 877 245 1876 1347 868 1360 273 162 1006 129 96 409 1986 761 515 1822 1381 717 735 1736 1081 1591 1888 997 1827 675 1960 289 484 194 1984 1712 438 1859 1058 1657 1218 1331 170 575 1811 265 983 148 1378 1849 1970 758 566 1056 845 1646 646 733 994 824 1759 953 1113 242 1147 1448 306 1936 1658 1363 1593 875 1045 114 1801 856 731 1135 1003 108 984 1324 865 1549 380 1710
1546 1377 794 891 201 552 1843 1665 1145 1341 1112 1450 1629 769 813 1221 1995 1857 1686 147 1064 416 1281 419 523 616 1742 1740 164 473 1449 61 1850 594 1303 402 1145 1146 418 641 838 1881 91 466 1001 1255 38 995 1463 1724 1493 527 139 773 945 1014 1389 1038 753 1904 1863 553 317 64 1146 1619 465 642 1116 1234 1282 1954 1114 1372 771 114 978 809 1460 441 884 1304 967 1374 76
263 387 1816 1300 1491 72 1514 43 388 1577 1540 358 41 181 1474 1626 1463 1779 1091 1186 901 1556 164 1709 1015 604 944 318 1922 318 746 184 1056 913 1835 547 984 1349 941 1723 1277 833 81 1670 1013 1906 1295 827 36 386 365 936 1941 528 997 1308 1483 1940 1977 1756 609 1074 291 1665 1987 477 563 970 177 1855 1045 1454 687 1477 1123 52 1734 417 878 1769 1154 1594 1056 1095 473
404 754 307 696 1082 62 1304 156 352 1320 142 829 1882 1463 1005 89 859 458 775 335 1580 826 68 349 56 188 1502 1 1244 948 474 1647 53 780 342 1135 842 1998 1642 1193 1317 135 373 1551 1949 1378 1639 808 187 765 1142 119 1591 1210 467 1998 1397 320 1998 992 1620 823 991 1672 1603 1332 1158 796 1681 799 340 998 933 713 548 882 442 538 1689 628 1302 1182 746 1244 743
1564 1241 492 1884 1591 1483 1503 765 473 1526 367 157 684 1514 1837 1482 1854 1186 767 566 85 1648 1359 622 1688 1986 1924 869 1084 1167 1612 647 760 103 882 702 1937 384 1466 410 262 185 918 945 1698 1106 778 1551 292 1544 468 728 1543 1826 1350 1230 164 1625 451 1247 1143 62 1893 254 516 1127 955 452 1510 773 1213 123 957 130 1419 654 1588 197 557 1879 92 1024 958 1987 1202
307 1568 1365 1931 18 611 1426 431 855 1679 1298 1981 634 1750 1843 1758 962 1965 714 1444 1736 1719 1031 1932 275 1261 375 1651 218 361 1204 877 281 568 1159 650 1530 584 1081 384 263 378 717 1248 479 911 1005 1441 1227 70 1236 962 1788 266 1245 415 1878 1620 417 447 332 1620 1323 612 187 482 1614 1716 1065 694 451 1679 1423 1519 926 1902 429 282 1694 8 351 1281 969 491 1898
214 905 1775 185 1673 221 868 1292 1544 1832 1478 377 1445 1545 1441 138 347 1472 1912 1866 749 165 646 1031 1858 653 1733 1138 1974 575 1035 539 1479 1161 723 1151 1734 1942 794 1277 1773 271 5 1217 167 1797 1706 514 1268 1618 731 17 1782 1728 1399 1992 733 1483 1129 1058 58 516 1596 1536 28 670 1039 1761 611 184 1389 384 807 1393 1600 973 1190 1306 1838 809 1275 920 825 1056 648
575 1047 1380 58 528 437 115 1395 384 2 1422 1053 1392 1183 15 1576 571 398 382 316 350 1354 1505 7 1544 313 1281 463 1490 336 1110 64 1735 841 121 262 1629 587 8 364 589 1429 1416 1980 963 1431 1555 1886 180 288 201 529 1642 57 887 1537 721 167 1999 210 503 1461 626 589 653 1098 1202 282 1685 1209 645 625 989 413 604 1952 195 511 1837 726 798 389 1607 791 445
493 327 1165 660 678 1727 1514 138 704 102 1142 153 1303 1423 189 511 420 813 1851 1184 1769 1802 1378 279 1990 103 1428 378 1709 571 1174 202 1249 691 861 1926 769 726 415 1824 827 1557 1976 129 1331 165 991 1750 977 841 1285 745 995 662 1375 984 1117 1155 1714 825 1725 1239 1378 973 1929 590 899 1049 1315 1665 872 141 1221 848 621 904 1364 1963 1005 340 1156 290 1437 150 951
1163 1485 419 317 1550 1596 41 789 973 1366 1069 1915 264 118 1229 280 989 1722 1853 188 694 756 1551 1009 1760 243 164 49 31 313 1352 1193 149 1770 1862 1699 1365 254 839 690 1619 1907 604 234 376 184 866 1717 257 718 1904 951 1473 1807 1959 1232 49 474 1633 431 786 1336 1623 1286 1105 1836 984 822 442 174 1863 412 81 818 646 456 1001 1863 172 1610 580 428 560 52 234
870 1635 634 1695 1267 1064 480 954 1038 117 59 1226 1453 1232 1667 1626 1446 78 1706 263 1075 514 1615 937 1037 1224 1516 1816 135 1919 401 1356 1554 1034 1050 1172 97 1881 126 1487 1998 536 712 1450 119 378 1075 1564 807 1133 178 1882 1998 1792 818 1386 1016 686 1202 1150 604 1602 858 509 636 1907 33 1084 1788 158 570 137 1045 1633 1586 1163 10 1012 1078 817 496 1255 1050 493 1046
219 1879 413 904 1432 1915 1860 1033 772 720 20 678 752 1456 817 1261 377 953 305 10 890 1819 371 1902 896 1187 749 502 588 1594 1548 807 1824 312 1710 1255 226 1921 639 997 993 659 27 1744 466 843 1357 842 148 1661 851 1037 1832 1222 1290 1079 760 39 1581 1348 1632 1480 154 1455 1791 215 709 17 488 1699 1365 1480 357 1391 1575 822 586 931 16 733 944 866 1769 775 439
1059 1853 1551 1097 1433 898 1080 1264 1403 534 1055 1969 1594 1423 808 1292 787 287 1 178 1862 1174 763 1144 1189 1495 87 407 1615 861 845 1025 714 395 473 498 1644 1552 1762 1398 437 1168 1367 382 590 174 26 1376 813 26 1905 1026 1551 1019 169 740 865 256 1498 480 1116 342 1504 181 1089 1977 1031 732 1528 1144 130 317 311 1848 698 1252 373 723 627 1185 1100 532 562 1003 1550
731 1742 767 986 1239 1246 453 1932 1101 986 1020 1077 368 104 957 1511 585 1273 173 784 322 1424 1156 1397 402 693 848 1285 1254 1850 1187 336 1943 1953 1673 1533 1198 478 1465 298 1463 836 1727 182 1291 683 1692 227 307 216 1010 980 1639 518 728 392 1562 1576 1677 1167 1425 863 1503 1720 815 1527 1252 364 4 1068 661 1818 256 739 1999 1546 1421 42 1773 79 257 1134 1411 247 1651
138 639 1564 1713 315 731 1490 1529 585 1209 343 111 812 706 115 1880 1718 284 135 457 635 32 229 676 1804 660 1285 1290 70 1883 1292 207 873 856 272 1539 1586 113 1067 170 1673 1409 280 484 466 746 363 184 1382 849 992 16 881 1220 1043 1036 1879 679 325 300 914 1969 507 1786 824 1130 1325 409 1242 743 930 914 504 1561 1749 969 659 112 1504 40 1312 495 407 192 67
1801 1580 1945 480 256 245 1393 224 1103 1530 1047 584 854 1807 177 1949 1088 1442 452 649 1190 1772 1659 1653 1276 50 965 122 456 1508 188 608 1087 485 1087 1343 1081 831 1918 183 361 965 1118 1566 1123 1294 1514 563 735 1965 1563 276 1737 1221 1929 1364 1270 1245 1837 77 752 25 684 191 509 123 1885 1941 1305 1802 123 1665 1118 1592 1583 593 885 1096 1155 1971 1413 717 598 1501 289
878 1216 1558 122 1052 1986 1226 1076 1021 1768 1936 1495 1652 1876 800 1805 350 464 1275 1941 46 1867 1177 1494 1373 1499 906 441 97 758 729 974 1973 638 1448 1024 623 673 452 1995 440 387 1490 443 615 289 599 1316 1104 1873 1609 1502 91 785 1347 1815 284 604 255 732 1361 983 1705 1685 1620 1504 708 594 176 1159 589 967 1898 430 1409 864 1070 8 179 525 232 1787 378 675 924
1724 489 1559 327 744 290 39 1726 346 1723 1698 1850 431 291 377 1941 1231 1344 190 12 1104 1405 1081 1463 1584 1958 47 1722 335 721 997 411 1209 555 737 1952 1196 1128 30 1894 850 1727 95 1632 369 823 1925 1952 518 466 315 1622 1871 1748 1436 1806 1705 1834 1527 39 554 524 449 1763 1430 1538 66 978 1017 447 871 1866 525 1317 1850 1246 139 126 1197 657 591 1863 630 461 1610
65 266 1314 1899 145 1705 804 1020 505 918 801 394 1336 1778 1410 1782 1000 1628 307 316 1829 1552 455 1954 1100 1111 544 1314 1740 1357 924 156 1974 589 406 470 293 1210 1489 1150 479 290 1543 1814 419 953 1596 1419 932 254 1734 760 157 188 713 1608 1650 1608 921 1389 1316 1844 1897 1290 433 302 111 1077 1863 1600 226 342 241 1769 507 1011 1073 102 429 4 707 163 763 863 702
1827 470 352 1434 1391 92 1102 1586 340 391 18 642 501 1095 856 452 1672 1549 1044 1792 56 55 864 509 835 1219 1216 997 333 430 51 159 900 754 1945 642 1197 1046 579 1537 1788 597 530 640 43 1385 1444 66 1286 487 1858 1341 893 721 1849 1728 292 1416 1076 624 1846 1478 1135 1097 231 1079 90 1780 476 668 1316 615 1264 197 1606 1658 1581 1049 1724 1218 1888 1933 558 1132 653
759 859 1296 174 287 1920 19 1764 1054 1467 347 484 1556 126 1311 224 1441 277 1839 1637 1882 1497 1569 1283 1572 787 1170 1504 1696 653 508 454 1864 1804 980 150 75 1350 265 1128 817 611 1963 372 1088 1625 595 880 1901 434 868 1782 282 789 1064 205 1927 585 1708 1622 1238 567 428 1101 722 1407 1250 796 756 1866 275 1572 829 237 296 1916 1861 890 796 1761 1675 1663 1895 308 451
958 512 377 1895 571 351 1132 1490 778 232 211 184 1833 1007 1291 1698 1281 1215 526 1870 1510 794 82 751 1589 195 778 1603 89 1085 54 1398 1949 782 1292 519 1132 423 8 1909 1006 219 444 838 1577 87 888 857 1301 1765 1078 1162 558 1160 1912 498 1354 689 101 1442 126 154 839 74 1287 483 592 419 905 952 679 1911 1522 1475 1100 1098 1561 1987 306 861 104 1384 22 661 895
285 1159 248 1326 1611 41 1451 1764 1231 1524 1402 1713 467 1820 970 1418 851 880 1291 325 1979 388 1885 318 694 1097 421 429 1118 1433 1323 1754 943 1922 1079 553 1962 529 668 1544 404 70 1257 871 241 226 640 1091 1457 1931 1415 1787 318 1651 104 1363 747 876 143 216 309 1817 1970 1251 1738 1048 1804 51 1577 823 1947 1980 892 1203 1202 1133 1780 1842 223 1588 124 1990 1374 441 1640
1830 156 387 705 650 602 1365 467 923 968 204 1971 1123 607 1899 1945 553 230 837 107 1432 321 238 1625 895 1825 1748 884 1550 540 876 1379 1047 1262 436 1697 215 1800 163 1138 1119 718 1460 241 1324 1358 186 228 1587 1374 334 1370 46 571 994 940 747 1093 176 297 1633 1051 27 679 312 462 375 878 614 889 367 1732 1607 1826 325 930 1535 862 1158 1122 587 1843 491 632 766
1837 1571 1512 1281 1746 1808 913 796 1835 1944 1459 648 670 689 1261 1559 1055 1345 1517 1233 21 798 767 882 307 240 1468 150 1083 99 915 919 21 426 199 119 586 1464 914 772 1759 725 1419 428 1765 1032 338 1171 728 1854 403 748 652 1170 1981 958 1761 1448 1459 843 1898 373 113 1918 1151 312 36 88 127 1302 859 1885 378 629 664 142 12 1002 1312 1091 1207 67 1838 210 1588
1818 1168 1348 1617 978 191 1514 1351 303 1784 853 966 1819 940 1444 1472 150 1328 1849 1130 344 342 1494 1345 6 584 903 72 774 1113 11 943 632 1358 560 1609 1900 425 1311 203 208 515 1520 379 1454 964 1850 1955 643 51 1437 986 744 930 682 749 1513 1585 1172 638 697 1182 1581 1680 540 492 1640 439 916 951 993 1124 1465 865 1502 1271 1828 1703 1577 470 105 1013 1456 849 1942
137 1949 1807 73 1121 444 1121 302 24 800 1193 515 440 1984 1783 1742 1328 906 1206 192 759 828 19 813 405 841 1270 1769 648 118 63 784 418 1869 857 1538 664 329 192 1040 1129 1736 1906 1568 71 1688 1661 1399 945 866 1590 55 46 1961 1220 802 801 489 570 1448 958 984 583 1375 852 1791 1265 1868 120 1808 907 1600 1543 812 1167 1614 852 1179 1364 1796 396 953 1851 441 1265
1070 1594 65 1910 516 1864 867 1499 799 241 703 589 1857 570 1060 1664 1828 659 1207 639 177 1172 1490 1355 887 1638 1751 191 1840 191 1456 909 137 1872 1170 652 1736 36 150 534 628 852 1474 485 1773 534 148 1600 1192 1706 591 1369 1229 432 723 115 69 825 306 1908 1368 1761 1168 1504 1984 337 155 71 372 304 604 1000 1508 430 1836 1632 963 1983 1584 506 1689 174 226 1269 605
1301 1384 1026 125 41 933 1492 153 101 995 136 437 1149 207 1161 1805 1162 512 1664 1591 347 1647 905 329 1230 1763 369 1403 1988 1638 360 1288 1373 1385 1765 1765 669 1256 1917 769 603 404 1558 103 610 1070 1907 124 1581 1922 66 1927 1569 1323 607 1150 1085 1328 905 1072 1317 1264 712 1041 1000 476 805 1668 83 1073 789 685 1476 346 788 438 1767 1046 561 1347 968 978 1625 888 300
583 37 1384 1910 941 808 1578 556 1519 618 1907 346 1774 1575 428 846 715 1465 322 1060 252 759 826 1297 1671 524 616 648 500 1503 948 1082 1892 683 1344 1184 1490 921 92 1360 1539 1998 1705 1312 1572 485 510 286 1949 831 1697 200 1941 874 1848 1611 1749 816 610 248 670 1909 1330 561 592 673 97 81 1945 188 1793 1835 185 1497 1499 109 333 8 746 633 838 795 1184 778 20
67 85 79 12 4 68 16 55 17 14 46 6 65 8 71 32 75 72 48 69 15 21 51 77 27 64 69 46 19 43 60 85 84 10 53 45 78 26 14 51 39 59 14 60 23 41 48 13 27 10 81 42 31 3 33 14 23 59 16 42 58 32 83 57 42 51 58 76 33 28 41 71 1 54 2 65 51 49 77 78 15 29 34 2 32 23 15 11 81 72 52 11 19 50 24 17 57 81 49 4 23 4 31 65 15 74 44 65 79 78 14 8 21 47 10 52 70 24 20 22 53 71 32 71 77 55 44 5 7 7 50 29 52 37 50 23 25 9 45 18 1 58 26 21 20 77 30 46 57 49 24 24 76 56 9 25 67 9 71 74 15 36 59 67 29 24 4 54 32 48 28 74 63 10 51 82 1 37 84 58 42 22 38 75 34 4 14 58 12 84 46 27 76 19 50 20 42 10 30 30 15 57 60 77 24 26 30 66 19 28 80 61 6 33 50 82 36 20 54 47 60 14 30 51 74 36 27 73 46 56 59 60 69 34 51 49 16 80 30 76 64 24 51 26 13 57 22 48 33 75 52 8 45 81 15 76 74 83 20 34 10 78 8 35 68 15 84 40 9 70 31 29 50 38 54 63 52 33 25 84 64 33 48 66 71 62 56 59 16 75 7 25 24 56 60 7 70 15 46 35 84 76 20 48 71 30 67 37 62 49 35 41 81 83 21 66 16 33 81 32 64 44 13 2 14 29 8 40 43 11 74 83 43 50 3 28 80 69 64 56 32 14 53 70 53 30 7 68 19 3 56 82 46 69 84 17 12 48 56 12 58 2 9 16 51 53 43 45 37 64 58 25 77 67 51 44 12 58 68 30 60 39 27 62 64 67 78 32 71 6 43 44 7 9 16 57 61 15 59 54 78 73 79 26 54 44 26 65 58 9 52 74 4 35 51 67 16 85 55 43 5 13 43 11 63 58 25 38 30 40 7 64 69 42 5 37 42 30 59 15 38 25 3 83 16 10 21 73 10 76 30 56 3 73 24 65 2 5 59 31 44 65 52 69 63 56 20 20 85 78 34 80 59 78 34 74 3 55 61 54 45 48 24 4 35 47 25 78 51 83 24 51 20 32 34 82 2 11 58 43 45 48 79 19 41 28 49 85 82 67 53 41 29 76 1 20 38 25 12 45 64 77 11 83 23 44 37 24 54 9 24 14 14 17 74 54 44 79 53 82 60 20 79 45 10 79 64 4 18 76 49 82 67 16 36 5 59 29 70 70 80 8 40 8 25 70 61 68 63 70 22 80 4 15 39 55 9 18 16 68 8 21 21 31 36 57 35 51 42 20 35 36 27 31 43 8 57 18 76 77 44 54 71 47 68 24 59 76 83 31 59 47 51 79 78 1 7 69 51 49 3 43 84 72 30 84 79 2 16 26 78 60 79 20 63 62 85 78 52 83 65 67 44 30 18 78 72 24 62 38 29 64 37 70 7 66 68 1 24 40 26 58 56 20 77 76 81 77 25 4 31 5 71 74 34 45 24 21 25 85 15 54 20 51 80 27 73 19 69 54 58 9 26 71 70 60 61 22 51 85 26 38 46 53 68 37 12 6 57 78 47 28 3 67 35 82 50 64 57 33 32 30 83 15 57 68 74 32 4 81 73 71 75 34 80 57 27 48 63 83 41 24 67 43 47 16 82 53 79 53 42 68 39 40 82 10 64 27 83 24 64 71 52 53 61 3 24 2 51 43 41 48 24 22 5 70 79 43 80 29 11 36 11 49 32 49 16 52 75 13 33 10 40 84 19 57 43 85 58 8 42 55 55 22 33 17 49 26 59 43 12 69 35 22 75 24 71 5 75 17 17 64 69 14 19 2 70 62 43 85 69 42 54 81 63 44 12 26 26 70 25 37 11 60 59 42 83 1 46 29 17 19 8 42 32 26 44 17 2 43 58 28 84 26 23 19 26 34 44
