108 1088
1361 1455 410 530 1355 666 1074 1905 893 1022 154 1294 1186 1765 177 422 570 1678 1085 223 1562 972 693 1613 114 191 1835 462 232 1023 1287 1592 478 48 473 1832 714 1546 1737 1958 919 242 1251 105 6 1428 878 928 1457 1962 1150 1019 934 1842 983 1047 385 817 1861 616 1840 1499 207 669 1546 1031 500 611 576 588 569 1494 829 171 1950 1187 1598 827 114 1407 789 1615 425 74 1808 1759 1472 192 927 1332 1159 1118 1182 1717 1786 728 747 638 1690 1322 1577 258 1168 758 781 1117 1944 378
296 409 136 1084 23 560 1509 182 670 980 726 1597 312 1884 714 1493 1953 852 572 699 1489 262 373 1065 871 1892 1822 1651 1360 117 381 1655 525 516 1090 899 1428 598 1433 97 1578 158 1693 241 393 759 1733 345 1610 657 1396 1098 918 1768 514 140 11 336 1791 1370 452 171 1377 1329 686 466 579 113 1064 11 210 641 168 254 1233 561 1012 1317 1257 621 1973 652 70 1242 771 584 1382 781 1271 1172 503 1722 1694 1879 1402 379 696 1981 844 1759 1991 1405 751 159 1658 1983 1071 1022
1300 679 1994 1624 1331 64 866 453 999 599 1586 269 1770 88 1990 1463 318 1744 193 1013 1724 1036 1124 1714 440 1874 224 450 209 1646 1471 1860 325 1464 1835 7 1527 700 459 525 1298 44 1145 1419 483 1135 1233 1152 878 1426 165 953 461 1288 666 1253 1513 1242 1702 73 887 1524 284 1211 987 119 1217 866 818 28 1742 468 71 887 1886 906 373 1119 57 1602 896 221 554 1708 1860 1571 960 1725 812 1013 149 51 536 433 1261 1523 551 830 740 1720 857 481 187 1279 1719 425 184 91
1895 241 44 790 813 597 497 1025 520 1809 1101 1331 821 1249 1733 1357 1681 994 1231 583 175 1970 303 1031 802 841 661 521 1265 845 963 1511 1437 1007 652 601 1955 1501 1625 474 1309 725 157 481 326 1889 189 6 1234 1771 589 1408 92 1243 790 894 83 1451 1766 1348 647 1080 1210 83 438 1862 1035 393 1714 660 1218 1374 1736 1726 1854 61 1615 395 419 1200 165 1359 960 609 601 1749 1854 683 1551 1619 382 549 1050 1592 983 1488 1805 18 1880 1518 677 1449 1243 764 1175 1096 825 1141
1842 1595 340 359 953 1299 967 1553 1400 820 235 1302 790 617 203 1839 560 1185 1326 364 1202 1557 233 230 1358 1475 1346 532 922 522 24 1116 116 363 1474 1068 14 440 972 1765 1611 1206 1418 400 174 1620 590 733 805 268 1448 358 1824 32 940 1533 1858 285 416 1132 806 439 247 921 1154 1720 340 1167 511 1311 1283 121 868 700 872 1042 672 1461 126 1828 1728 1926 185 1904 1957 1476 1436 167 1760 1852 1298 565 290 1544 1837 1443 1615 528 961 477 1838 595 597 1058 1647 1820 451 318
1280 576 145 1008 501 681 911 810 157 698 976 268 549 625 833 1191 168 1021 985 134 1549 298 610 1738 892 1558 795 538 1377 1245 1207 1008 173 1703 15 1025 736 1277 186 1244 327 1513 1511 1227 137 695 417 656 1716 1754 1141 1616 51 1750 1705 1294 1659 852 1832 1387 448 1390 395 620 1093 761 1997 1828 390 182 1071 716 47 581 1942 183 1628 711 1191 1343 464 331 1310 514 433 1366 1807 443 217 1990 1830 665 1380 576 1636 824 1336 1984 1003 1725 518 73 792 564 1005 734 1098 984
1444 288 678 1907 971 1987 772 1755 1353 930 197 1921 1272 378 937 1003 953 573 1826 641 556 828 717 1073 1252 1509 1988 608 242 1086 1592 37 1725 269 295 1047 608 1418 801 312 347 1350 232 1970 79 1169 972 1032 93 1149 24 1000 328 740 425 1579 248 412 539 841 1849 482 877 1574 1102 1171 972 61 588 1773 372 1287 1474 956 1608 1552 476 932 935 568 80 958 1919 408 1698 343 338 297 755 1228 1138 603 1709 14 528 1163 1537 1500 1223 476 1624 1947 114 1449 902 74 1352 1729
1005 287 296 1084 1596 566 1843 1645 909 181 1942 15 1408 1431 969 1469 1796 1497 983 1332 1348 205 160 971 503 625 419 1756 698 1770 1484 1702 408 131 1138 356 697 980 2000 1605 1160 293 1619 920 1723 587 740 1519 435 1722 1202 1782 278 1713 752 1133 338 1522 888 1387 1644 372 1089 51 502 226 406 1198 1557 758 1154 1069 1050 772 340 1125 1711 1079 995 145 1152 548 1927 1781 613 1030 913 1302 552 1801 688 195 524 128 597 1025 705 1355 575 262 112 1728 1330 1513 852 1669 989 562
1099 335 1058 602 883 1336 734 1495 718 1999 1148 1269 151 1835 1815 674 1963 763 50 667 117 976 1280 580 704 961 93 1907 981 1433 820 79 1768 1877 1032 650 1565 1766 496 282 1764 1643 1902 266 1829 68 939 1791 830 1340 810 947 316 441 1878 1019 1402 1970 1277 382 1403 96 813 1522 324 1844 523 1888 1961 1018 521 76 1012 422 341 1192 489 1631 1335 1671 971 496 969 1286 936 846 656 337 1168 1932 719 922 27 1531 443 702 1726 965 942 1687 334 1462 1762 1697 236 455 888 1076
85 222 746 1055 717 1714 692 1653 912 1347 341 79 1630 1059 1000 8 941 1442 710 667 758 1651 705 1091 1464 818 787 1699 1272 26 775 1709 600 1872 1115 1316 1938 1807 1320 849 1505 13 927 1135 1071 278 1142 364 1719 1851 1382 828 1853 86 1918 1317 1255 1056 1367 879 1081 141 587 1680 365 53 1348 302 1859 1019 1502 1364 1031 428 850 454 1057 1991 817 1127 194 550 1954 398 635 1871 1714 1889 926 1433 1119 358 1925 1705 38 289 1758 1737 590 1968 755 91 1683 1786 870 532 239 1926
875 1407 1052 1420 1956 1357 1817 942 1227 1883 1182 504 1315 301 1214 1239 357 1603 1528 114 1339 469 434 93 912 468 230 133 1000 820 411 226 578 1814 1645 533 1171 1461 1826 749 1343 1008 1253 657 1308 466 248 1664 68 127 130 1758 595 915 202 1858 1382 432 1991 733 1603 753 958 181 566 602 1065 1736 415 891 485 109 1898 89 1118 1557 906 1365 1572 1325 1491 53 1082 437 967 1283 295 349 66 637 1081 21 1389 391 553 1954 992 1617 42 1758 507 878 1867 756 966 984 312 223
348 1884 1547 190 1936 980 626 1255 262 920 1603 680 1556 1035 1052 1296 1425 1604 1250 769 1220 1643 878 79 520 744 834 1485 1727 1498 59 426 1733 1605 615 20 584 1241 1274 1197 512 1228 228 68 615 1279 1363 391 882 964 1159 454 606 37 884 1125 1132 1717 961 1211 1566 1019 1636 1650 975 603 1670 1910 195 1295 1107 706 875 1686 1125 1489 965 488 1879 198 1803 1390 1003 761 1778 1886 1885 1261 1955 1198 471 1872 568 459 1522 1895 1061 1191 1804 1255 837 1262 1960 1711 948 1085 1199 264
1924 1430 813 78 1171 1816 838 1300 53 1075 560 7 624 1383 231 1191 1841 1752 1437 901 1294 1241 507 130 502 466 1841 1801 1902 1391 64 1825 1172 877 255 694 1044 1092 1993 1096 166 905 1455 789 287 1685 332 127 1436 1768 1027 1081 1360 1533 1210 1862 350 1402 14 252 793 78 428 316 954 682 1010 349 126 1002 1444 291 1906 1250 1432 544 934 1763 670 721 1882 48 1801 1242 1932 1363 1103 282 764 1116 885 1556 1545 1664 1872 850 698 1233 1198 823 234 994 1465 492 243 896 1035 1177
1010 1705 249 892 104 402 133 36 1764 1587 669 527 1054 1553 435 599 1216 658 1448 265 1890 998 1087 123 1991 552 966 233 1799 1 1761 809 57 362 1700 160 763 1832 547 526 1770 1215 1052 823 767 1486 1421 335 143 1221 951 384 570 38 859 560 941 1824 1144 1091 176 1257 1899 584 1618 1950 1096 380 133 1642 1257 1902 857 308 725 1975 146 497 661 640 69 1612 1024 638 1 1882 1197 941 57 693 31 233 1949 282 816 1918 583 1911 297 716 1905 1553 969 761 212 45 1087 357
542 1748 1349 962 1359 724 1600 1359 605 1148 651 661 1840 1033 1245 140 1666 413 57 249 675 353 1316 579 257 284 1691 469 681 778 1177 1574 525 877 535 235 1600 134 1593 556 1282 595 1569 1473 1627 813 1613 1293 1225 1669 1541 252 374 1208 830 630 1843 521 1450 523 1650 979 96 174 1855 983 408 1455 1116 352 10 749 946 1578 574 924 743 186 216 319 206 108 570 579 1315 1752 1561 1158 272 1362 32 1921 340 128 446 195 1462 1205 1 577 1908 10 1678 1205 1940 251 128 1034
788 696 1352 993 803 1922 1924 470 25 1836 1979 296 1197 10 568 1537 489 1365 83 1950 921 83 879 828 444 908 32 735 1510 511 1768 297 1206 1120 1641 361 1393 1916 1182 1417 1751 1160 64 948 1521 983 836 362 347 918 663 1267 1000 1541 446 1795 800 829 530 309 1339 649 957 897 120 598 1257 1512 865 790 1280 616 301 1695 1915 1821 1029 750 534 1375 1667 1197 993 1018 1089 1790 1164 1889 618 45 549 309 694 1506 1205 813 455 813 677 1319 1602 308 286 254 3 200 426 1031
949 960 758 967 156 102 1984 1596 244 1148 1484 861 1192 385 1521 237 1890 725 1050 696 1889 1726 14 1842 33 300 95 387 499 521 1770 1800 1832 879 766 1987 1332 750 1934 1575 249 1770 788 1792 154 308 29 43 1385 1430 1090 1273 1507 1103 1467 1891 1754 1561 278 605 433 399 404 264 1629 1169 602 960 270 536 887 870 305 1674 662 810 1981 1042 1204 1717 823 293 990 329 1395 808 219 1501 720 848 105 1153 1598 508 1768 1226 28 722 186 298 1609 1072 1167 265 1097 180 1074 1077
1573 277 1146 395 569 487 1075 1963 1294 1294 1815 13 493 1919 1517 91 426 1637 1316 454 358 1853 1103 1966 924 269 582 372 801 1655 1801 373 1931 946 1120 499 1432 194 813 725 1839 628 1089 332 546 606 774 1324 242 89 129 951 1942 1231 1268 1217 1851 1849 1589 1003 1503 1389 1728 1785 334 847 283 1765 1392 1447 841 1583 426 1929 266 1324 534 1039 647 1127 1127 1127 429 1420 709 48 989 559 1896 577 1914 1750 317 1641 1534 1002 839 168 1118 582 1967 1958 164 392 1886 429 1715 772
1819 713 250 1298 1839 1031 717 899 1078 1705 1810 1326 633 1723 1075 1301 1363 961 302 201 1480 1419 782 1446 1728 946 190 1966 1726 256 737 1897 969 1338 1194 1159 368 262 410 1798 319 219 1123 951 1941 549 604 1303 1861 905 1503 1341 676 636 1138 755 1933 1679 720 11 1935 1808 1907 1255 1146 1100 765 1865 1361 1174 14 1679 1392 1136 982 1332 37 1937 634 1897 1193 488 1589 1868 1124 727 623 1056 405 1694 1066 691 1502 972 1945 999 423 710 1215 1784 1883 1229 1814 1275 716 1147 606 752
1083 1240 649 276 1727 237 495 1202 1315 1469 258 72 1163 1675 762 664 999 707 14 1421 1416 1228 1556 1298 456 1722 572 1172 868 1530 1923 1951 769 923 578 847 1512 1072 401 826 541 1010 897 1703 684 1659 718 1682 365 731 1455 132 1958 1010 1429 414 731 353 1937 1951 1882 211 253 1002 1134 830 200 645 1901 600 1470 793 1961 719 847 645 377 1564 678 1093 646 132 1224 956 1494 1004 1721 576 1708 1657 878 1941 1867 1130 942 1000 311 1494 1996 212 445 1818 1356 406 536 203 1402 1264
118 79 356 764 563 1931 71 408 934 1791 1335 994 1447 213 934 1665 1342 228 1017 1653 1721 1012 216 517 829 1923 922 1364 125 675 979 595 754 1334 1710 1668 1616 1780 75 902 1570 1409 1895 1016 1621 828 1032 1315 1055 48 1319 775 1060 1886 1644 240 1808 917 1956 285 1592 934 879 345 620 588 364 235 367 438 1136 1936 198 1030 1303 171 1858 334 1837 1264 734 1155 391 1793 1392 34 32 1199 950 339 1483 541 1273 361 1237 1892 1300 1600 126 1666 389 1262 1953 939 643 1607 1109 852
293 945 116 1026 451 506 1170 1842 539 1553 1392 1840 1892 1227 381 1164 1587 1617 1055 1239 1569 1532 904 1957 1145 1209 1247 1788 815 355 639 1107 1651 1106 484 453 1611 1653 646 501 1206 38 341 1097 1264 721 260 1202 689 1666 440 609 1197 1696 918 342 904 164 481 70 519 1471 1529 521 577 12 974 187 1665 1619 688 870 8 1380 318 1271 100 577 825 1140 594 1616 101 1790 1311 1018 483 566 1181 963 636 51 434 164 572 1010 175 1897 1548 191 1867 587 1060 1875 1966 1729 1497 417
305 673 1557 1250 289 9 1040 1599 1026 1874 165 558 837 1152 609 1622 1315 1532 983 1841 1780 530 32 1646 1117 1443 1872 1434 1172 1369 1851 1828 41 1759 1078 329 1767 469 280 792 342 796 1349 1530 1947 309 1503 1613 192 485 1453 1971 1015 1484 1617 483 927 1840 1916 450 1208 118 277 1601 1876 1706 281 1642 174 560 785 868 1355 486 749 1653 794 252 1265 986 736 718 1308 102 553 1276 936 1831 1116 1204 280 323 1321 909 275 1197 614 556 1190 1140 1115 1975 7 822 460 755 474 1605
1006 91 942 94 808 250 195 1360 1525 1483 1543 640 686 1822 1315 6 730 1941 1554 1696 496 744 835 1963 718 1193 1136 1529 299 1609 1133 1657 51 75 1750 858 676 296 570 200 1778 112 1192 815 285 858 821 1367 798 374 1062 1646 1469 248 1608 538 1792 743 66 90 703 1551 98 754 1977 199 1963 652 495 884 1203 624 1347 746 1439 1632 1603 611 998 753 1336 411 398 805 1010 5 1342 801 1099 1408 1242 1801 1310 1692 906 1638 1890 869 289 736 1752 1843 1360 1099 589 1150 1082 543
1760 431 1295 1095 841 1692 251 202 48 1593 1354 1146 1352 595 947 661 638 204 298 528 1072 938 1263 1176 1132 974 274 72 123 1707 615 234 137 261 1681 977 305 1931 1530 352 1875 883 1498 1226 1829 796 238 467 999 535 994 423 1824 608 1598 956 1582 223 1379 56 1929 1993 642 417 254 674 1745 558 956 1274 1261 831 156 1110 408 1984 257 646 802 1608 1532 147 30 1356 755 1979 663 688 201 41 1095 481 386 1736 897 991 761 641 1548 69 266 1160 899 421 270 1658 756 526
303 1910 133 1835 56 514 1542 1162 492 556 1849 1044 596 944 1876 1333 1031 1124 323 144 116 222 212 381 1382 1462 1153 1651 1119 1909 528 1422 170 1013 1608 225 1526 1149 1387 370 1704 1587 1765 651 882 1641 1984 265 1116 658 408 1232 880 971 1964 613 432 1117 615 1902 1377 1142 1675 1546 154 1282 1770 32 430 1508 401 485 1095 517 1488 1976 157 1823 240 1625 480 999 856 1711 1969 819 323 752 1935 1289 654 1663 431 328 1208 936 1610 1330 967 391 837 1719 1228 283 236 715 611 744
889 1202 368 1368 553 1575 1431 521 394 105 1273 680 1394 278 343 1824 605 1902 1111 566 1231 430 1309 420 500 536 702 735 1602 1664 1831 490 1218 550 209 1770 125 1991 290 518 96 1914 1549 1489 543 1891 1664 1148 145 1126 65 1375 1555 1373 1794 55 260 848 1141 213 863 1323 1054 80 1873 1263 1849 1997 1605 491 866 1700 756 414 1540 1299 657 1555 798 801 681 862 527 587 587 673 641 846 1520 134 1411 382 1456 464 814 1680 78 662 1676 1683 1504 893 1382 260 1659 1274 1558 667
828 355 1819 1860 1568 345 447 154 1017 1439 1352 888 1572 762 1622 1380 1225 435 1059 1655 1448 1087 1337 952 1979 1070 1211 1637 343 768 303 1523 1474 121 1382 1041 818 1828 1195 1834 1619 898 1074 1542 1659 695 921 1235 1129 332 889 576 1418 577 1527 1748 1647 1089 1737 341 208 391 215 1681 864 1597 722 1681 1776 268 1866 1394 1165 939 936 1175 1633 208 409 761 539 1650 1689 308 578 1567 56 576 656 144 917 863 534 1131 896 1397 1079 1617 1077 1207 236 1295 600 1400 233 1887 574 1866
95 1334 978 985 1335 1018 1293 1913 585 1700 840 1592 1843 108 806 728 1591 53 125 669 1669 1553 1875 1904 847 827 1655 1080 713 580 1297 1159 1914 626 144 1600 1644 1788 1864 580 1487 704 523 1681 811 1328 408 401 1733 884 1422 1401 789 1296 1657 1635 474 1663 1066 1187 243 714 345 508 1340 840 107 983 627 1971 1562 465 674 84 145 1484 1763 905 237 1495 140 1658 1248 928 1305 1256 915 1779 918 332 1317 1512 1046 13 19 385 853 126 1367 1479 96 1280 1944 1121 1715 440 956 1477
1696 1192 1324 1836 1201 923 1115 506 530 381 636 1799 713 1952 1311 1758 316 1329 142 1168 1806 1860 999 253 1139 1294 1373 853 85 329 681 1781 1520 356 1968 1073 1630 1434 1578 159 1815 213 1958 527 516 1620 284 831 1300 777 351 1106 636 1349 1358 126 994 1083 1330 1078 1411 10 1210 1282 718 1529 354 347 963 283 506 1129 847 815 1655 1362 434 290 545 1733 1418 895 1190 405 595 900 530 1940 1982 1859 1369 1744 1868 579 1377 937 107 1731 1284 1421 365 141 549 1212 955 555 925 1740
1196 1821 1472 613 1067 1014 1017 1661 1913 1546 1952 1894 1404 1321 1989 1624 1899 1365 912 357 1447 195 1778 1812 335 678 1375 1641 1233 299 1380 428 120 1204 1393 1186 217 409 1199 129 307 1502 374 62 822 362 37 1072 1726 949 1429 1173 1495 1558 1336 182 587 710 1822 1819 1360 1554 599 1831 757 1991 1369 973 399 567 1453 1057 420 1826 1119 1242 187 1155 313 264 103 93 1788 1598 2 1123 1779 589 1832 1952 759 1544 1505 1357 1374 613 1347 742 1585 98 1660 1037 1506 80 1214 624 1673 1400
1779 337 16 233 430 1803 182 783 926 312 1723 1109 616 482 1004 120 190 378 733 1537 1119 669 1986 1131 58 1491 1210 1271 467 882 1023 597 1218 1038 1181 1999 1192 1363 1134 469 26 856 1578 641 1337 933 761 1527 1310 1845 1415 781 865 1752 1911 922 1594 1472 193 60 353 1567 1008 1922 956 189 1921 147 1551 1406 616 1576 261 545 569 1598 1477 1329 1476 787 1525 1242 1919 389 993 1829 1311 938 1300 1855 1350 4 1421 357 1925 728 545 197 874 447 1602 1489 23 215 385 943 1812 1862
271 1639 1000 147 880 918 535 224 1098 197 1161 397 403 510 752 175 867 676 902 1411 1225 1776 1858 1178 1616 232 1392 1 1174 1555 214 1796 1545 1213 294 424 482 1180 647 1579 1729 160 327 131 669 1078 306 1887 105 1559 1650 1681 1686 1507 859 1302 90 602 1654 1615 509 219 1762 53 1783 407 829 264 1586 1827 194 1314 1986 520 1445 1007 1597 102 893 53 1660 542 1734 1346 400 944 999 841 1897 1004 807 757 1222 920 810 1004 1326 1990 1619 1264 168 1812 577 506 683 373 1512 631
474 756 683 486 1650 768 183 401 63 1181 1594 1960 184 400 716 1757 1672 1877 760 1349 218 730 612 386 893 1189 891 1575 1561 754 557 387 1861 1239 872 1510 359 1406 263 421 586 1856 380 1121 607 1448 877 630 1676 1988 1979 1894 717 590 279 1609 1778 1169 1535 1691 274 91 77 134 1681 1300 1996 39 705 258 812 1642 465 1543 762 1071 990 1638 53 666 1625 31 559 693 620 1189 653 398 357 187 440 982 277 868 1115 309 519 1110 700 1223 1719 1511 1216 183 1053 1977 1606 43
1966 1658 1060 1942 40 1618 634 659 806 1286 1408 1514 1824 1847 847 452 714 1961 760 1232 1423 1459 806 1141 969 21 1676 22 349 1633 416 666 1642 1475 607 1681 1444 1592 339 601 877 1747 466 700 1945 1312 1503 659 1624 263 242 1046 1721 1048 539 1042 1420 566 1415 1769 550 182 434 191 1656 1393 1871 1451 984 561 403 213 659 1220 912 604 883 767 1262 506 1029 1855 1904 1101 902 794 494 322 1711 1908 442 260 89 1227 450 96 619 672 1898 1955 1232 652 167 243 1871 1430 846 1105
196 459 1611 1224 313 1866 677 1567 1011 1170 240 721 1078 681 980 1518 259 1781 1966 878 452 1863 832 35 515 998 277 737 427 1474 1842 975 1932 1804 198 597 21 874 163 1031 396 402 1751 1473 1434 1082 1342 1692 862 1307 921 1313 1522 104 1699 36 1453 328 1124 232 1801 1317 1206 85 1472 1403 1033 1492 629 1547 874 1024 300 624 848 1733 57 541 1776 918 1848 1049 582 1369 1152 281 1756 605 960 1231 1188 1112 548 393 1548 19 147 932 1863 1127 478 736 150 777 1712 1349 861 1768
1890 989 686 89 37 1619 1457 1540 251 1564 144 1210 794 1331 674 1693 75 221 64 222 1153 1926 1348 1982 1013 1850 1111 1076 1198 323 844 1439 1311 1881 1527 1699 1499 1335 1239 102 898 1734 1311 1692 1417 336 1736 1843 557 1799 64 61 76 1764 394 1089 1613 1856 164 1162 179 1359 953 1841 1239 479 1540 1090 166 1130 1191 1063 1215 853 1106 983 1189 842 826 97 640 889 509 1068 1004 1254 156 616 1110 671 130 1288 30 1082 1480 1620 1912 1019 1061 77 500 603 1492 1715 1808 597 1049 1348
1790 1874 1796 782 763 304 1849 118 1909 356 734 1018 1026 1215 657 1407 648 137 1379 559 1507 791 988 7 1746 479 73 1553 1427 1121 900 1217 995 695 350 109 1350 198 226 1258 553 1311 628 1930 877 1284 1689 1524 1420 1419 435 927 209 1422 1285 306 252 1709 1858 30 829 1109 1598 175 155 1947 635 1856 496 1213 1466 1400 875 93 1330 1752 1728 1370 1275 1148 788 61 426 1348 1482 62 1654 85 1770 1863 115 950 972 1712 1125 1478 11 111 1334 506 1675 799 1906 550 891 1587 301 618
956 1927 117 95 1988 894 1442 1821 955 1447 258 1076 1310 724 26 281 787 1502 1758 797 1964 1091 1655 1639 241 1560 188 1131 1498 840 101 453 1118 569 899 1457 1815 340 1630 769 1787 1887 197 1448 610 574 1728 1396 75 1837 545 38 1280 199 28 1520 110 215 1003 1607 1406 1455 411 524 375 1309 332 189 2000 1961 958 1786 1847 1506 1233 808 79 1312 204 505 1501 748 542 1132 1298 922 1003 1407 1488 5 1013 894 1811 1423 1769 186 731 100 374 730 61 1683 868 1907 1188 452 1067 1618
116 1270 122 1616 369 1016 1099 1666 1937 101 1072 1424 106 436 317 268 1858 437 453 940 537 1179 21 949 861 1240 1207 401 1692 273 18 159 1542 140 126 262 1155 1224 279 1091 1324 1702 514 1429 137 1183 49 346 1971 501 1285 507 1679 1658 1807 892 897 1014 1292 588 1286 1309 1098 1180 1800 1223 1441 954 446 72 44 1770 1773 910 1198 262 444 1598 607 414 99 244 1273 129 1901 1079 1020 797 92 663 1737 1378 1972 834 909 1771 57 701 1077 502 772 1472 271 897 381 1821 1158 1176
1418 1764 1590 1868 7 1214 349 259 292 1368 1056 384 31 1144 113 354 329 1373 476 385 73 1904 1239 845 1376 1861 93 108 1681 1250 1284 1451 1013 1225 1670 1372 438 18 1630 1081 1386 1037 1816 1768 532 280 473 861 1652 1300 1245 1725 1204 835 921 931 696 1013 1038 728 614 673 178 1626 249 1848 1349 1038 1865 979 119 1602 367 1934 1721 899 566 545 1759 217 197 1355 293 1400 190 1213 330 1237 577 1719 1964 1190 392 494 1168 992 693 516 30 909 1846 148 511 565 433 583 1815 998
1480 1925 1567 1676 1279 1859 1075 1820 1424 1756 1056 352 1826 1372 1542 569 1865 1061 1561 557 1928 1590 1465 1774 89 327 690 873 1262 504 223 741 428 1789 416 58 1999 1842 1878 1422 1949 1285 1774 1774 656 1667 343 872 1079 255 1780 1006 196 1245 1131 284 1923 1820 1508 1184 675 82 276 1102 222 691 1160 221 884 1389 1994 832 1025 119 958 33 1785 1300 904 863 1906 684 221 101 280 1351 736 202 1523 595 1738 197 677 13 1651 898 1056 1162 1470 1939 550 1464 1123 1926 1582 80 1958 1367
1731 1214 581 1636 249 1153 1736 528 504 823 1081 378 1417 1170 574 93 1535 576 1343 942 1737 812 880 638 275 354 564 1857 433 873 1575 515 86 507 150 334 1660 237 1213 515 1059 646 1244 828 1815 169 920 1701 745 262 642 481 1426 1874 1119 1700 227 34 1908 1012 906 1482 1526 1344 341 28 1677 2000 616 1242 866 27 1887 109 854 53 277 125 106 1373 739 747 1854 164 972 1324 1863 1551 1709 1771 562 614 1604 439 1957 1944 818 1986 295 1434 1227 1160 1460 1465 1620 313 1869 249
789 1974 1621 1527 1073 1474 1690 44 1149 1905 1594 857 27 507 1823 1630 1298 131 1926 115 116 220 1548 1694 1732 1007 1158 1351 1671 1379 1951 460 1352 1572 338 776 1397 28 820 546 284 765 1754 310 1624 1928 291 921 59 216 1035 526 788 935 220 519 293 1729 221 1964 1107 172 775 811 1743 1112 1586 1491 1491 757 36 1774 1522 142 435 1145 69 726 417 479 941 1451 1005 1728 737 1576 598 1030 1304 819 1345 763 1342 471 1925 1084 1934 1510 574 1425 619 962 1550 140 1455 1985 1636 1875
1062 52 354 354 1854 1710 434 943 1285 1031 1972 940 201 1668 1702 1542 138 1626 977 71 1488 1903 1847 106 1216 1749 597 1022 85 584 896 1146 987 1601 1851 840 1310 284 134 594 1667 105 1534 1867 124 1587 1761 261 1565 1089 684 1052 1343 530 1509 558 278 105 1579 714 688 827 1859 1674 427 1710 865 89 345 1351 1034 11 1455 919 230 1579 506 1990 191 70 1078 874 1473 421 1756 1333 1330 385 1789 1261 1099 476 87 1309 501 865 1018 1717 953 1715 1067 1987 1725 874 905 1954 804 1762
295 1346 183 1725 572 7 497 327 1339 1826 1063 1127 1438 161 1954 1524 1470 806 741 839 875 1693 553 293 31 630 1166 1288 583 321 1049 878 1667 1584 602 238 1590 1098 916 929 1275 1978 55 713 491 9 588 312 1166 1328 1502 40 1373 407 333 1755 1036 1850 1042 1970 171 443 1199 189 26 1800 778 1615 1249 45 543 876 374 950 1940 864 1310 527 1527 475 207 1029 515 1931 1435 1199 1685 822 1048 727 791 1570 1169 1990 110 1546 141 1239 1160 1742 1283 55 969 1657 1004 908 872 313
1786 399 1139 1992 1779 1653 1922 1213 1203 1959 386 251 685 1176 1820 205 1517 1930 1750 10 1168 1261 103 803 1315 1071 459 318 1978 1682 982 1763 80 121 107 1858 125 380 1422 1328 338 1807 1930 1374 1335 1749 1930 1203 30 31 1564 1550 1292 1666 352 958 736 1162 1276 713 1195 609 828 1627 1081 1286 1484 1558 17 1258 885 707 1416 1166 80 1102 1266 362 657 1296 392 220 1197 35 1886 1900 993 621 1413 620 1686 607 1580 865 233 661 502 69 218 518 1678 1454 1224 1093 971 1656 547 236
17 1203 1883 760 1774 1079 1147 1659 1330 491 632 742 1462 669 1701 1041 1533 285 53 34 353 622 903 382 427 127 1827 1397 1782 373 1985 150 1927 1867 1261 1700 1298 759 1711 979 1601 342 1721 1062 1010 1773 455 894 57 859 1279 762 1481 181 1143 259 307 969 8 440 1693 1992 941 1619 210 554 1671 1507 1664 1733 486 1265 426 558 678 1435 682 1132 680 738 1991 1958 1499 1823 490 994 433 1149 1962 440 1588 7 783 881 1977 993 1786 1647 851 1449 1731 1688 1065 156 597 1743 1942 1278
1226 621 16 1568 930 1866 1742 1420 859 175 568 1173 614 507 1179 1397 1739 1155 741 1524 1154 1591 1325 884 1631 389 1040 227 483 981 1505 1709 1954 1520 1628 883 1385 1370 654 596 1544 1573 1768 509 80 1298 257 1818 452 997 1694 1957 940 1018 1193 570 1758 232 796 241 1564 300 301 1517 171 1928 752 1556 1297 1757 503 840 1330 270 1349 1409 1567 1605 1578 370 954 1271 679 1893 288 1871 462 398 102 1609 638 17 1909 938 1886 79 1217 637 1986 514 393 488 1705 74 1109 1053 1482 1027
1010 1412 1749 1963 682 427 207 1322 297 668 1719 750 628 708 766 536 1997 651 967 1213 1639 952 1726 384 1792 1431 457 900 835 291 279 196 1702 27 510 735 453 716 56 749 1735 126 1850 363 833 615 898 1181 1618 216 394 1608 1520 471 343 1311 253 1152 562 1088 1794 840 1635 1495 1218 145 581 1670 860 989 770 595 1114 619 1309 299 1586 558 1479 1555 774 224 1162 293 695 1857 1955 947 1008 516 386 1153 1708 21 999 925 165 1579 595 1376 567 1716 322 33 687 1630 331 272
188 161 1826 961 385 1339 1605 1431 1547 1559 377 906 74 763 58 133 1135 1056 1058 1299 635 4 1026 1553 1719 1348 1585 757 977 267 1028 1516 428 1205 828 1164 896 432 594 442 1990 1322 1348 416 436 1757 548 1570 813 1957 1220 1799 312 246 1351 383 1945 936 1139 921 1554 167 789 333 1723 1616 1848 618 48 441 1060 389 115 759 804 550 515 1704 120 1327 12 1691 1477 324 1936 828 706 1880 115 1844 1153 20 362 1941 353 85 1908 200 702 1955 993 113 344 1107 871 1499 1656 1386
1554 127 1064 1566 1818 893 241 105 1720 946 1985 186 1141 1489 205 1503 1781 557 1587 1688 1109 640 1995 101 753 338 1559 1623 188 1214 1360 94 1693 776 1659 1510 1668 1899 1966 1739 1196 1950 276 336 1790 832 1838 1922 1741 1776 1610 849 416 1604 949 1168 293 507 1142 832 72 854 925 116 1981 935 1625 1648 1185 1591 1738 380 1892 365 1068 34 1196 905 1955 936 1033 1916 1784 1448 1871 1084 967 163 1942 108 1347 366 961 271 481 941 1558 458 940 742 48 1029 1474 291 1393 541 676 589
1797 631 1876 829 898 1660 276 769 1095 1242 1283 1037 1702 629 1754 1014 1252 234 307 809 691 1246 1902 1090 627 1375 1733 19 1915 408 959 64 1390 835 892 288 846 1520 1056 1940 1113 338 1328 814 1319 1081 180 570 1667 486 1378 357 1731 1279 1799 709 1006 1531 728 1272 1938 38 1335 1680 1224 227 1967 69 98 1374 361 1210 63 40 376 1381 1121 555 1950 787 1040 1679 1495 1122 1310 1293 1831 315 823 910 1586 1113 1299 1273 792 523 1499 1110 943 1948 483 1303 1157 545 1695 1884 1926 1167
438 227 305 1829 1906 1799 951 1215 1444 1133 1881 266 394 1818 1730 1692 1090 873 566 940 1982 1509 887 816 1163 44 1361 857 1927 1638 23 717 1864 327 545 121 478 1847 1687 1921 979 1919 538 1724 1737 620 1416 826 1492 1981 1766 1826 1841 1004 641 1004 1047 1 212 1326 1990 587 394 1854 1265 938 326 94 785 13 14 115 283 904 1839 19 1875 1606 1197 1366 1938 1314 1191 1779 317 1832 1134 1716 184 1697 1041 174 283 1434 379 1900 723 1056 1993 1859 1420 359 326 1703 1262 516 1721 1136
121 917 853 410 230 396 540 547 579 1673 262 762 1722 1654 1287 356 1439 17 255 161 1073 248 20 492 606 345 546 219 1212 267 1706 1332 1535 910 93 117 1305 633 1015 1883 657 1628 997 378 1633 635 734 1071 652 988 1583 76 1587 1954 919 544 650 1465 1114 1861 83 1171 1544 1969 81 1637 85 1737 269 1451 1972 925 1078 1320 1303 1062 1954 388 132 957 1727 67 1384 1314 20 303 209 670 119 1675 882 201 845 426 521 1277 62 606 1014 330 408 1337 1606 1486 656 908 899 961
1295 1031 1918 1374 1449 1301 1039 1468 1955 1247 489 73 921 1371 625 118 1796 1146 1394 209 103 759 538 510 95 495 347 1102 1403 1246 63 1049 628 332 422 76 1632 1460 1895 1939 1059 384 11 331 106 988 448 253 133 194 461 587 952 1350 1096 1399 1844 1795 500 1598 1040 562 999 19 1245 1420 94 877 1232 1988 1167 642 723 1529 972 828 516 1772 1080 1000 1965 1892 1938 916 1241 1034 314 1437 1180 1166 1034 219 79 32 237 1324 1804 682 552 1387 1021 1718 28 1744 1246 1351 923 114
1122 355 1465 1086 246 1403 354 1839 788 1019 1627 1967 184 660 185 263 1044 773 1586 1199 1806 489 585 1178 206 964 921 1803 666 196 1916 140 902 1381 1577 1499 1135 1930 1337 1922 1301 1315 1888 1484 327 424 98 1370 1548 35 920 1353 523 1856 530 1080 819 1803 883 1836 350 798 1975 1251 530 1552 749 1664 1833 438 1937 1133 1752 1824 969 78 247 1418 1799 1794 1453 718 1498 327 573 380 1407 1743 534 289 1931 883 1438 1905 485 320 1808 1233 1983 1993 22 1920 1125 1774 95 445 203 342
1863 354 487 1667 1071 337 1993 1996 716 1399 1738 1601 1687 1668 483 1477 1925 967 1796 84 551 1778 76 925 49 1553 698 496 1997 1252 1189 211 1605 1675 1877 1028 363 1870 1023 1430 1620 1112 1030 1659 1132 1512 1135 1408 830 930 1491 1733 1059 1919 657 1460 1471 1706 1955 1819 1309 1143 382 914 1169 258 293 1532 479 1667 961 451 1130 1991 109 261 1854 1243 20 1036 524 1863 768 1582 1781 1776 1041 1603 1481 1347 1421 789 489 1802 54 1658 412 346 1541 1242 364 501 44 1494 843 152 106 1049
1746 126 436 269 1988 1203 203 1768 1330 1595 1370 810 942 1142 1950 1430 1296 356 1439 59 1053 979 1652 1417 1832 1696 910 1026 1847 1015 74 1945 1492 509 565 1479 63 767 1598 1392 362 1319 553 1303 813 855 732 108 1210 523 518 262 1501 169 1678 1332 216 939 358 63 306 783 359 1797 1644 923 1628 1706 1690 1225 1450 51 896 354 1705 1708 1208 788 167 417 1310 1036 679 811 1204 708 494 1420 1647 1203 1834 1952 1986 544 1748 1629 1466 1375 1686 1507 952 1487 1557 199 1841 1613 258 1048
401 776 1817 1710 1811 495 872 1014 1202 1366 785 1200 568 970 1151 905 1513 1251 885 979 977 923 837 280 409 746 478 601 358 1087 1649 758 1862 1465 820 1672 311 1691 1038 1864 1056 174 1064 1976 1144 566 1232 1008 168 117 338 1145 1039 1175 1776 1799 1920 254 400 277 1692 400 1035 1554 216 206 1577 526 1896 614 741 1304 788 156 1631 283 722 862 1290 1241 1330 1628 385 720 802 161 519 721 766 1270 997 809 1669 383 362 236 940 1939 1113 836 904 1853 491 43 9 121 325 1082
1334 1967 322 664 1594 1059 1383 747 1571 253 1467 688 1874 815 1496 1894 1550 210 129 489 500 1241 1676 1403 1446 518 1446 1806 990 122 887 324 88 1560 1339 33 970 1073 779 540 1678 597 1579 1551 1412 1427 1445 1313 1636 1573 153 135 1166 1829 1889 611 698 1334 416 1688 1808 1654 11 247 1213 1701 280 535 773 1058 1426 450 1655 1005 1 1418 431 1797 1082 66 1369 1234 552 534 1414 440 1496 112 126 1911 1799 1933 1916 161 179 1129 213 810 15 1337 1868 1440 1787 1874 444 139 1643 874
1935 724 1291 1655 1957 194 541 1371 634 36 1834 1111 299 1984 1043 214 496 1573 1694 708 735 1708 44 954 1148 182 827 1943 672 469 1169 958 1544 459 613 1500 1005 1505 1222 1638 1892 1407 748 190 1390 142 756 1885 66 449 944 800 157 988 1753 1656 1521 931 1598 193 1751 1118 1150 1294 1929 114 1146 933 1618 367 570 1862 126 1669 51 1515 162 806 1752 227 1607 695 1379 115 34 1483 1770 1555 414 1719 99 164 837 1248 1810 765 1714 955 1697 1683 1673 618 1544 1798 638 1947 1665 799
752 1768 1025 710 814 755 824 848 238 593 754 651 664 852 1166 1500 451 1327 616 516 281 664 199 306 1281 1742 103 1918 40 119 1068 792 1886 92 1501 700 847 677 1899 1436 1269 1004 438 284 207 1603 1783 657 930 750 1525 1562 1413 1723 1867 1045 1816 322 1314 1856 440 381 999 326 825 851 1377 23 1527 1275 1458 1148 630 1895 1431 836 1849 1566 1844 1130 315 1368 692 80 1442 910 1124 1258 1231 438 1465 1671 818 815 348 1642 17 76 1664 1544 1350 1473 1043 1979 1367 825 1166 1216
390 1009 345 1057 377 1388 1136 1818 298 259 1427 1880 1048 1243 1902 1866 57 249 1859 74 324 1875 1969 25 1347 1363 355 1066 187 1520 633 577 881 977 1633 1609 717 768 1778 1366 1378 1205 1245 426 799 1147 643 856 1747 501 1281 423 727 1601 447 426 963 1154 1491 1149 1025 123 77 1905 1451 61 1513 519 828 1291 1884 206 847 1481 983 1997 979 1625 852 1077 477 484 1499 1556 436 298 1981 1398 1451 1823 899 827 297 1327 732 1747 1388 596 618 215 238 853 772 1436 333 106 1433 1663
1730 636 740 559 1472 590 114 1907 887 94 1657 689 1916 555 1516 564 1881 599 310 1268 1546 1279 1835 136 132 958 1571 816 1064 1355 479 1145 1991 1570 1703 1462 159 1816 1720 1398 261 1376 438 528 282 305 1091 515 1255 1401 134 801 679 1968 936 1162 1278 858 1978 693 213 456 1837 555 377 1540 368 887 1355 87 284 1616 1463 1074 143 96 1378 1234 610 633 986 744 1785 16 1063 1072 1178 340 1929 1155 1032 493 1962 1221 1047 338 760 1414 1224 466 1853 1860 433 1315 933 576 1410 662
161 372 1646 1498 1115 1430 1865 529 853 1042 869 1134 548 252 1626 509 1824 1025 1198 583 790 774 1401 642 633 1833 308 1917 760 70 930 1272 441 576 769 1907 357 634 435 1562 27 1655 695 927 259 672 1435 82 1696 985 1017 838 1758 417 1479 742 601 1787 1010 1361 1856 1939 632 648 866 1753 554 1575 738 988 1136 1116 643 1830 42 901 853 1829 1334 549 813 350 1738 570 766 1216 1663 1367 1354 672 1079 1561 962 62 208 1828 1814 761 1754 903 101 889 19 743 1070 412 1995 1922
240 1328 822 1052 1678 559 1973 795 1775 1987 513 1480 658 1943 1041 1972 5 1248 151 170 9 1904 1425 109 792 1443 1203 213 206 1549 134 446 876 956 1849 905 1866 1822 52 1992 1808 916 1472 818 859 512 789 863 1759 1291 1384 119 1194 808 579 337 602 1781 549 808 1329 682 1253 557 1989 1101 1813 207 1274 1864 198 1434 780 1669 603 1638 532 1391 852 291 681 587 761 226 1395 1340 562 348 1472 1110 1507 801 143 1111 1709 484 564 1521 690 1837 1385 1239 1622 516 908 224 505 1439
1966 1708 81 998 294 842 1223 40 181 1784 388 4 1245 246 1156 1388 1357 864 223 1920 385 912 108 121 150 1730 988 1409 1953 1492 1200 271 1199 1632 1268 1492 825 491 1884 1005 626 623 1361 223 868 516 1962 224 1380 184 143 116 1447 251 588 1948 332 1575 1357 284 1066 908 554 616 539 174 459 1364 1016 342 720 1641 964 432 1863 184 948 1824 407 327 359 902 794 1805 1152 1381 1753 1835 1307 1461 470 372 368 1376 1339 1258 1549 1797 973 564 491 45 204 1806 476 419 1989 1775
594 396 101 953 1297 1246 1109 800 626 861 986 1932 673 1455 655 1040 830 1993 650 378 142 1974 941 984 370 1497 789 1198 267 778 972 860 1525 1425 164 1173 670 1273 324 1648 485 1309 1931 1158 763 586 549 1593 930 1550 1970 1423 1876 1263 406 245 1111 1195 1794 1377 324 1118 588 200 542 1104 1372 1563 728 47 1210 1212 1355 1141 721 469 78 1622 61 1007 1171 383 782 1046 1997 1187 1643 1107 733 1788 835 1408 905 1422 1607 1798 525 1330 1361 1252 1376 570 816 1082 62 1536 1551 139
1157 1963 1498 680 697 279 77 1045 1817 71 151 550 1859 985 309 763 759 1916 561 1283 1597 273 887 973 842 1702 406 1256 1589 1956 1394 746 271 1243 1777 967 1521 1853 12 1690 1924 514 591 1782 1851 899 896 609 1166 1808 243 763 80 1129 1735 1274 1182 140 529 771 448 1922 1868 718 1517 1644 36 1037 1496 399 726 1419 1265 1668 1200 1115 567 448 1723 1732 255 317 494 687 1446 580 1960 627 1072 488 1397 1519 761 1616 588 277 1259 623 1666 755 1374 743 173 638 411 1725 1752 1329
172 1826 1060 778 142 1906 1464 1939 485 1423 918 1908 262 314 1426 1375 1930 13 3 1540 988 1668 294 713 763 819 1350 1525 543 1453 853 1066 1630 264 195 1771 169 1659 62 1006 1433 979 913 47 1644 691 1421 1925 1055 1775 1465 394 1443 1758 1106 557 576 455 81 1470 259 933 887 1888 1196 1082 1659 1717 1092 1720 722 876 1050 1986 922 693 676 694 618 1731 469 82 124 263 1839 1582 819 767 36 899 588 295 183 1475 182 1378 908 192 1094 1999 263 167 1226 1312 153 500 357 1180
1193 974 1262 13 1055 1738 627 1245 1319 1797 11 1354 1047 951 2000 1229 425 534 959 1684 1077 52 1682 1692 571 1259 1355 1075 1758 1711 254 1303 684 1516 1667 90 1253 294 1335 571 442 1697 276 1489 999 628 717 1423 1513 1675 1106 941 79 1139 632 1001 398 339 75 507 49 328 1809 1085 195 1476 1526 1799 121 860 721 562 909 1349 50 1907 1976 1119 1682 1840 1145 1139 780 1575 630 1412 575 1027 1750 649 1533 150 1329 1694 1234 1875 1169 760 1674 1289 1971 746 202 1231 94 252 1490 421
1370 1523 260 514 661 1040 441 1290 451 1015 668 552 16 553 701 1696 598 287 1570 1766 1398 1595 1406 1720 693 1607 1303 786 210 1144 1207 1931 666 1466 797 1678 505 1237 1320 1307 251 1987 210 618 891 911 313 1488 1549 235 1605 1298 181 1362 1017 873 1321 671 1659 1530 1814 1217 1813 479 1034 609 157 1891 1845 1476 1197 447 1814 1407 1065 705 669 1729 544 569 1963 501 1866 496 1862 1234 1368 1182 1905 1378 1064 1718 594 876 549 1980 1836 705 1870 1680 532 1066 478 345 824 1894 1401 1844
1623 297 764 1937 797 629 432 658 1863 1800 192 119 1529 1255 1836 475 482 736 454 317 1440 323 348 1971 1740 825 668 916 1071 68 759 693 716 1523 981 1512 503 1765 170 717 1564 361 835 1444 1967 1023 1918 448 1758 371 764 1550 693 1111 1872 433 287 539 1348 1357 959 458 401 1674 332 1734 1186 835 1498 1707 1551 1061 67 738 856 33 112 774 832 1869 1144 1595 1770 189 705 1642 621 1343 532 320 700 1490 1129 1452 1516 1461 1185 1053 647 682 759 549 94 1177 1286 950 1561 1749
1723 392 1970 1218 1986 1739 1406 1042 1380 378 736 264 1049 1787 105 178 1239 1620 1990 423 1024 636 1457 1782 1184 1550 1310 822 851 1222 570 925 1613 539 143 1950 630 1900 1343 9 630 79 624 30 1865 729 207 1455 700 548 1878 1724 1183 1686 1857 719 1235 1167 1540 86 388 461 1010 353 1352 1504 302 1981 1756 1997 341 385 427 965 414 291 1693 973 1746 392 1520 1975 467 1055 1660 324 1773 1246 1490 1664 1683 229 476 693 933 1827 548 1587 1807 303 1583 148 1039 9 1464 1805 651 1156
1129 396 1899 1000 722 366 54 733 1041 178 1979 530 193 1661 1110 669 705 43 495 1605 1629 654 1907 1563 801 1298 1571 616 1454 573 123 582 969 21 1581 42 738 1987 775 1778 164 1105 659 357 765 121 1377 1822 163 1871 1426 143 524 1684 57 1676 981 1627 291 786 199 413 1367 1519 786 1300 1913 1875 1638 1039 1653 1801 143 663 509 1259 783 1885 1080 1297 108 505 1791 631 189 1847 659 1521 1825 1301 659 376 1714 25 246 851 1676 510 725 1313 1548 729 1466 1690 1744 326 949 878
211 28 175 670 885 317 1652 1425 516 310 945 692 1611 1603 1067 1676 1980 1665 526 7 174 1602 1672 1722 683 1137 1763 426 1814 711 1303 376 1091 1829 1045 1975 498 697 1751 1013 1358 695 1704 968 650 1123 995 981 1139 1872 1339 1312 1474 1010 1385 508 498 1148 933 312 210 587 687 1652 416 1732 1978 913 780 1728 277 137 775 332 1105 1424 1454 451 756 592 323 94 256 148 1456 1992 655 1953 1139 1587 264 1701 173 1303 1352 940 1034 1330 204 1813 1057 480 301 1831 1164 1405 1606 617
208 713 1561 530 1159 168 677 614 159 1331 918 1650 1269 1182 1702 1793 484 1053 733 1869 734 1288 33 1791 120 333 1973 1283 90 1931 251 297 995 1811 1178 153 330 1854 1118 489 1536 36 490 804 1569 191 596 404 1243 1680 624 1977 1320 656 119 1439 1340 443 721 1781 725 1323 77 1720 1134 1254 224 1463 1459 1342 303 994 1377 792 149 1297 982 1097 1700 577 1128 323 905 447 1330 1023 237 669 1817 1309 450 894 632 878 613 1765 484 836 1579 294 529 234 1288 257 1025 1788 1553 7
884 1604 935 12 1926 1839 458 1607 1213 1047 276 1029 355 1077 1922 986 306 886 1102 1141 74 681 1435 954 1266 1074 1211 290 861 1115 648 97 719 1582 108 996 1420 917 603 632 1963 878 13 318 306 286 1303 963 1172 757 104 1597 1789 1890 550 1054 963 112 1343 175 1227 343 271 1945 1924 378 940 1696 1647 1542 679 1609 771 1043 278 1428 1329 1933 391 852 689 846 448 477 735 1349 1530 1697 1461 1224 223 687 1566 494 983 1842 871 274 1889 869 168 567 478 938 1610 1107 718 1290
1039 1108 141 1727 305 940 555 1039 288 84 1087 100 1308 1309 1138 1225 1802 120 1066 1025 746 1306 1893 913 1873 722 202 1834 1829 919 1123 867 26 1263 946 682 554 1500 1720 1193 1936 806 1293 1595 467 782 819 268 1254 237 1644 1999 1542 1537 911 1766 258 1112 1599 438 31 1073 1305 408 687 602 1090 1240 101 1161 785 36 319 77 1630 785 858 801 1404 463 1037 1048 461 930 584 1723 696 1193 835 646 1631 1217 71 1287 1976 757 240 1417 349 340 930 1133 728 1248 1561 709 32 770
1509 1787 1233 897 834 1693 179 1769 1416 874 962 602 1871 944 170 1941 582 497 1050 821 266 1398 1512 1195 882 239 794 442 1300 1177 1211 1160 963 443 57 1797 488 235 1565 255 1460 878 1208 1682 173 1377 1975 754 225 1024 1926 842 773 1438 388 1654 28 1181 95 1327 357 1657 487 1672 100 895 1468 587 1481 1384 841 940 614 48 621 786 1776 947 1892 352 1970 1817 1194 1094 1606 1933 747 1986 1114 1193 1664 1822 850 502 1493 949 1396 1312 1887 876 1048 1079 167 1661 1478 1140 446 1605
86 689 308 56 506 1853 1149 463 1786 248 448 899 1440 112 1072 641 965 917 1941 361 228 1827 1588 1275 1257 107 935 1086 1246 1733 690 1331 421 998 1738 1278 850 1239 93 635 1838 892 1885 1629 1355 1309 270 320 225 210 680 452 389 619 79 1997 725 1365 1083 1970 1097 1772 1653 1870 1121 1742 1499 1971 980 1591 957 817 483 1194 798 1837 502 1067 156 726 1628 1187 1529 16 158 1959 13 882 1324 1447 1204 772 1218 1208 641 691 949 492 661 281 82 1969 1449 916 1514 246 1105 15
1312 1612 1092 940 1151 973 1307 1308 931 1671 541 254 1117 96 1026 687 1655 18 1377 604 509 389 1236 943 709 684 210 223 930 1314 237 593 1278 1681 1884 780 653 1191 87 1583 1213 979 1837 682 1427 1214 1368 1081 1231 744 36 92 1484 1271 1034 192 307 1595 414 1236 1261 1003 180 538 1035 64 1317 1687 1606 1755 1621 1170 1085 1457 1851 863 1022 1218 1944 253 313 331 696 1796 1602 81 340 1908 1675 1105 1495 935 459 1674 1824 1493 89 1140 1531 46 1246 1152 1216 683 960 1066 1545 1982
636 1488 586 1300 1819 1281 1448 1772 1361 1787 31 1387 891 1525 322 1350 1550 145 1194 1991 1637 725 36 1234 1876 1603 1916 835 1021 1461 1168 1656 1300 105 955 1470 1385 402 1241 1097 540 1623 484 1783 1147 1157 1484 1049 1653 677 1391 1289 1401 1426 875 1628 1381 790 815 401 602 334 408 1902 439 1714 1723 1823 468 964 1272 1359 938 107 1141 85 1263 624 1485 915 1653 875 556 1405 652 1430 1033 32 571 199 784 1173 532 1543 1426 970 1609 1148 1145 76 463 768 1434 1401 874 927 1837 488
1550 1673 1402 1202 547 309 607 1550 90 1991 1934 661 541 717 185 1072 612 1962 394 220 1109 1538 295 1924 305 80 1676 1530 1006 1512 17 908 1184 1770 461 82 79 1419 1631 520 1761 1916 1180 301 633 1716 1373 1596 1677 118 1815 1138 1655 461 1413 311 540 1088 1840 1898 599 208 1157 134 1977 1617 567 55 1388 549 927 1148 465 106 1449 1449 174 1173 1044 202 1290 858 1339 1296 1670 751 1606 561 190 1797 458 788 4 1966 1273 332 1935 1839 739 1322 740 1665 469 1204 122 269 652 295
1793 47 497 1082 904 187 729 925 1290 686 1485 1479 482 295 619 837 260 243 1169 194 434 1907 1867 1173 1923 688 376 44 956 1379 339 1101 1425 1187 182 680 1725 911 1604 1014 1596 1440 845 430 1734 1815 1618 346 57 1138 539 490 1396 758 14 1318 1445 389 1362 752 119 1700 1852 1895 1238 34 926 962 1296 881 328 1243 321 1524 24 54 1338 1642 751 1394 779 1290 236 175 399 249 1492 1843 990 1205 594 1108 904 446 1355 493 831 280 1455 478 1161 1782 72 1833 1305 96 1886 994
89 989 387 867 630 974 1393 1028 1223 1237 870 212 441 1815 1671 1697 260 1025 189 1442 1657 1995 1919 1169 128 1991 1001 1432 438 1238 425 526 226 1164 1744 855 137 1489 1882 1711 725 1103 1922 1517 918 1945 1565 1529 1321 106 971 977 100 1241 497 228 1583 1497 11 372 735 788 897 1312 303 641 167 439 129 48 502 1205 1503 775 1073 420 719 990 1948 392 1095 1270 1720 1546 863 217 1773 797 1713 136 1169 799 923 65 111 1577 1057 277 367 1537 676 868 1093 178 1643 518 949 361
1507 1249 752 953 518 472 498 1732 1040 623 529 752 758 1697 1903 32 113 13 1608 1522 641 1974 1058 1668 842 503 1846 836 1020 1146 1548 526 394 652 1478 1264 1475 327 995 514 949 1875 1617 58 1571 1519 89 36 1531 48 1557 523 374 966 191 1567 1468 388 402 487 1533 1949 1012 279 600 841 1542 74 1168 536 939 468 411 556 526 333 74 966 720 1957 1014 276 479 1739 1242 1021 1305 709 1408 1706 1548 1293 6 559 1571 958 1752 1112 1031 1271 1999 1970 1738 761 877 263 1446 950
1581 165 906 946 793 1737 684 386 757 1988 1446 517 45 993 1809 50 1904 1731 1007 1655 842 390 925 1192 711 1014 305 1939 1277 1750 888 1209 266 146 154 1058 234 837 1443 1342 1176 889 1858 1220 233 18 1621 136 1748 980 1790 941 1721 1066 485 783 80 789 721 1708 890 1960 916 1155 105 1069 565 690 257 359 32 1784 1599 241 1355 1832 259 975 1967 358 306 109 1299 378 1174 1783 1160 1605 923 232 1312 1812 192 579 966 648 1999 1882 1338 255 241 1369 390 1839 1609 1744 22 219
719 1989 577 1376 449 227 1754 1622 9 1265 1579 1283 1497 890 1094 40 1469 411 687 1467 293 24 74 885 1744 463 723 1705 207 1097 275 1277 1437 851 1004 1885 1077 757 1858 1437 374 1436 1071 1870 678 164 1909 146 575 947 1964 867 1323 389 103 1418 1204 1177 1122 1410 273 1397 1038 1709 599 41 1593 28 1150 1803 1816 1523 1238 887 1744 1915 1050 1652 412 1976 950 376 1194 272 1116 1296 1690 319 473 1163 80 745 911 1117 806 1510 1510 398 1889 659 552 1704 533 1790 590 276 56 1992
279 468 1967 1228 1195 1161 1500 310 808 1541 981 1280 703 1060 25 1614 177 830 1475 38 1579 1363 1048 131 1066 1580 272 8 1855 327 1999 133 1146 317 1360 340 1829 1211 1002 637 751 1982 1916 1806 1393 292 1771 1921 1473 1245 1958 1404 607 1005 1886 24 584 157 383 790 835 381 1274 1981 1050 986 672 878 196 25 1514 1299 358 1782 1456 1751 73 1226 1671 1898 470 1629 1301 1428 985 1186 1803 1921 1694 186 710 528 918 1984 860 1967 969 1884 1197 1516 1908 710 1166 618 843 621 368 1268
1846 38 1165 667 18 465 446 1003 2 601 923 47 1138 1984 574 55 319 1786 374 1639 21 1570 1155 280 631 320 897 1474 1293 1264 741 1490 1654 1905 509 1671 721 954 1025 1074 1906 299 1120 1043 283 45 1098 601 1830 1823 240 1850 1392 1746 482 22 417 1378 1847 1709 642 587 1551 295 843 59 317 1563 1364 1342 988 1270 1640 107 664 274 152 1761 875 333 1935 1466 535 1326 1563 1016 1700 1979 393 1546 40 1386 133 1590 1680 975 1648 349 890 1363 1690 1877 632 1681 336 1648 1955 487
1408 1181 1171 1343 998 1705 1020 560 720 719 890 1465 265 1281 850 749 870 882 75 869 1582 964 584 1271 1193 1215 1303 1528 1214 1609 366 622 1141 1536 316 138 1593 1687 1049 664 406 291 128 1022 1571 1330 1770 793 563 196 1661 144 1512 244 1766 704 1811 1068 583 1024 1029 1300 1997 169 1187 664 659 779 703 1707 1443 1460 349 1922 481 1920 1603 602 712 165 1149 724 308 660 1320 73 1363 1482 1493 297 857 521 1596 1206 1041 783 1869 1699 1913 923 1758 1707 382 106 1629 1214 25 1583
167 1088 1748 1316 1812 407 1975 1483 832 1690 964 676 1986 1820 1548 1934 1025 588 1068 1246 639 980 520 396 687 902 853 667 467 1230 249 634 317 348 301 480 755 275 1962 1938 316 925 613 302 1097 160 587 473 747 1654 70 1385 985 590 132 1671 1491 985 689 1957 214 938 942 530 1637 1242 1362 743 1517 1323 680 184 600 1292 485 48 1803 1423 520 902 1076 590 286 61 1179 770 83 1021 1754 772 977 319 61 1919 1200 1697 1512 561 440 1380 236 1471 1564 835 763 400 882 917
1823 1401 1818 1250 342 104 1662 1520 1225 1745 540 1330 516 1869 1648 928 139 847 624 1650 1760 1415 1030 1995 886 945 829 2000 1344 62 916 1166 1814 734 768 156 1189 429 27 413 173 567 1742 1040 787 1741 1967 925 587 943 926 698 357 307 692 1594 1251 1872 1593 947 1933 509 112 1747 1594 879 254 782 1660 280 1194 1832 1198 1287 1224 336 1027 1190 1260 1965 484 538 663 1193 844 1354 786 447 1578 731 1393 1510 1591 1856 1608 1184 1087 1861 1965 746 493 1510 577 42 1148 152 378 526
1342 1989 490 177 526 1504 1721 1722 1210 507 168 787 1589 1560 648 1179 1415 256 362 853 468 678 1598 1312 539 527 1354 1686 678 1731 211 371 1719 1052 548 245 908 268 1966 469 1126 485 1255 714 396 254 244 162 509 605 1015 1329 1634 612 640 172 1138 1993 209 1816 75 771 186 1794 175 1085 390 1082 1705 707 1550 830 1543 1156 1896 1938 1761 139 99 270 1096 1113 1950 729 77 941 1253 1566 934 1461 1733 1360 584 271 1505 758 1355 1894 191 1411 952 92 241 494 1599 488 783 1359
978 882 1980 73 346 1929 1154 774 870 406 340 155 218 72 1514 801 342 1371 1910 49 1616 100 1459 568 191 51 1413 1789 890 196 1148 1868 1429 1127 1940 126 1408 1093 900 277 1850 1591 783 68 1662 648 1220 356 18 1130 756 1634 1229 214 553 1772 617 1965 1560 1506 512 1059 1373 292 538 1665 418 1945 757 1317 573 959 907 1355 1378 920 2 597 1627 372 78 382 5 1659 948 557 1430 1564 873 1341 1421 1385 400 1146 1676 937 810 445 881 1918 1761 1453 876 1019 1159 253 291 1160
1202 1917 1531 1279 651 1887 937 1598 795 366 1513 1668 59 1285 1052 458 430 1079 1746 1239 1524 626 1509 1636 430 384 1007 1588 989 1649 1099 190 1917 982 1468 567 1220 757 516 15 1474 380 1682 1532 17 1085 1989 446 515 1734 37 38 711 1545 26 1140 280 1384 1079 1268 1032 530 1457 948 1511 1277 1867 730 33 734 1096 1506 1114 777 1038 1482 1861 1378 1927 376 1112 315 765 174 211 1142 1314 491 525 744 1758 1908 1273 1567 856 1135 843 1074 217 1227 1807 1312 732 1272 441 121 753 301
1499 1032 1028 610 1698 145 783 1909 1638 448 751 163 1544 860 70 1168 426 1277 303 1620 702 871 846 861 182 1578 484 622 50 1589 1275 1548 620 654 509 317 1150 1292 577 788 91 1327 1302 1986 187 1723 1154 964 1352 1808 584 53 678 1781 1265 1211 1710 1749 185 1760 1337 1811 1307 308 464 1816 976 1966 1459 1553 753 1901 1231 54 1887 1417 128 1040 733 1479 1199 1668 1884 1876 1448 1148 1086 1158 896 1622 917 232 1432 223 539 248 390 1867 213 1848 1419 1317 1749 649 1722 1987 418 1849
1026 1150 1328 576 817 1211 451 616 358 1888 1773 1606 1510 1041 189 1293 1616 1080 1540 5 946 104 1853 364 1420 1953 1364 1493 1939 133 1342 1316 1634 1021 1891 802 231 693 1418 940 580 1190 897 441 583 1086 86 198 165 1977 202 1462 81 406 177 1852 358 1540 1345 648 1673 1038 1963 1658 58 205 460 640 897 1877 1579 1829 1418 476 269 2000 1913 706 197 429 683 399 1890 1115 804 66 966 1514 1957 662 161 1981 1699 124 1639 1756 680 98 747 1577 1974 326 1405 1743 1153 25 1743 1417
731 291 1845 1765 689 1734 879 1845 151 1844 1358 107 858 1870 88 908 345 78 1016 1025 175 1762 601 500 439 357 242 1591 733 336 1359 1815 627 1203 1579 1667 1288 457 1511 1438 653 1220 1897 1862 1090 336 769 1434 413 1784 458 939 1546 1410 1790 1984 118 383 1927 851 719 1285 1017 1697 488 596 1363 127 1404 1226 1917 408 445 165 269 1886 500 1038 1320 1264 821 129 554 718 1891 343 1054 8 725 980 1210 1443 264 227 1139 1103 1174 854 1582 577 79 1498 985 523 1662 1605 409 513
642 80 128 1815 560 681 884 450 1375 1937 810 99 916 371 1894 1532 597 1384 986 122 237 919 1051 667 416 387 1190 429 1991 1950 1293 633 381 1772 799 940 452 1682 1742 1826 1971 551 277 1238 921 522 769 1870 1905 107 1991 494 1025 1393 1160 1793 1779 701 573 1770 650 218 754 1382 1989 1904 322 793 1585 415 970 1907 965 1246 1145 237 1767 1913 458 24 371 801 517 1748 193 28 1892 1972 729 464 1741 1730 1033 846 1112 1022 749 1785 1814 685 199 783 592 1515 381 1736 1751 147
2000 209 522 371 1361 1038 470 1553 1066 361 1876 146 1176 1968 1875 209 813 986 1582 1561 770 1395 598 1320 529 1189 834 909 924 585 1408 1275 1145 1929 1997 857 1319 466 409 736 1178 285 881 354 604 755 914 1417 93 495 1329 1214 241 1926 534 1121 1466 1367 30 741 303 1789 16 1799 69 12 655 1387 830 1416 474 7 52 1706 712 655 813 1625 423 905 471 1752 118 711 29 651 1832 1847 370 213 587 672 1 954 471 421 1318 1477 160 499 892 633 505 943 339 1217 1598 1503
1193 372 407 1664 123 876 726 504 1879 909 350 248 1121 1288 1271 1473 594 93 1894 1911 1570 53 409 461 1037 1265 1756 1727 833 1705 1229 26 76 1987 41 551 863 1118 1054 741 27 1755 988 1147 1394 610 972 1987 703 1217 1897 272 1621 657 1084 657 1922 1191 736 1106 895 1964 1483 1323 1951 1523 1873 1165 641 1278 1905 667 1384 1244 165 777 1853 1488 764 555 704 1012 1178 324 1669 262 981 1942 1804 68 1047 699 31 882 373 333 404 245 1497 1396 1874 1753 414 1257 996 931 33 849
418 796 1755 1474 160 933 1797 1828 1194 1129 121 1349 1196 1519 47 1579 400 771 1911 1156 1367 1760 903 1240 1512 1317 848 508 599 881 1708 1368 28 1462 841 187 394 638 366 1939 118 486 1288 1314 357 1686 892 756 457 1154 1911 1823 913 1166 1063 777 482 1910 1636 1432 1142 1343 799 1522 804 1640 60 1198 629 426 1488 746 1263 775 59 1619 813 1302 375 1269 808 637 1443 72 1802 505 848 635 767 483 418 260 177 1217 1781 981 1208 1841 530 1836 618 17 933 1880 1144 1344 1499 1956
645 225 1576 1804 1213 1018 1876 1015 1875 723 1 993 1558 419 1252 1734 1987 1385 1066 1194 1225 1595 1381 1842 1964 313 73 1459 1656 1571 1766 653 147 1693 456 1360 710 331 726 936 1406 726 1928 1315 1496 1532 1400 1482 916 466 1027 492 412 407 685 727 1072 757 537 727 680 654 1731 826 346 187 185 1408 869 910 343 626 1988 623 1940 1835 154 1340 1317 1069 157 695 1912 568 1102 596 1647 173 1352 183 1251 31 837 982 1209 1534 1520 1393 941 388 655 1636 1366 994 258 1305 828 411
996 496 1831 1152 1191 1742 72 292 689 70 816 40 252 66 423 1440 1399 1631 974 918 1375 1914 1658 381 1549 1375 1374 158 1031 554 568 27 1049 750 1530 239 843 1953 882 1531 22 49 1923 626 467 697 65 1865 679 1038 1135 405 1304 1144 786 1204 870 511 1362 1900 1064 281 1926 465 1031 1808 1055 225 112 1937 108 486 337 382 1111 803 1430 1175 1020 108 565 506 864 220 1 1 1423 870 512 784 769 1927 1065 1047 391 447 1206 1446 671 1317 1734 1130 1802 70 1511 1264 1225 940
439 244 1399 1355 1101 615 1574 1101 615 996 1970 1126 1780 1090 1053 1196 136 1795 1642 1693 1240 664 1010 1325 1794 1163 1395 1656 427 971 948 1217 1214 698 571 314 1312 496 1766 1927 1843 87 1404 1974 1176 808 1169 1664 603 1162 1356 194 1826 717 1519 1971 232 1265 1626 658 587 925 226 1800 1623 1148 465 934 1643 582 1212 1837 668 616 1811 1843 1423 1331 1858 25 493 1214 571 318 282 441 640 513 57 265 1522 643 1190 1747 794 812 1246 1258 97 888 1839 1309 1077 858 276 887 700 1698
5 14 7 57 43 17 14 32 69 41 49 97 98 66 7 51 21 12 90 70 53 30 62 91 14 10 72 45 20 87 107 24 8 5 97 50 21 2 98 105 59 54 1 48 11 7 6 47 18 3 9 70 48 70 52 62 95 31 14 6 9 12 29 33 32 33 98 68 51 103 64 1 48 64 64 59 86 85 105 11 103 21 96 42 106 55 11 92 85 25 97 2 36 34 34 84 66 23 43 24 18 107 40 65 78 103 31 72 95 44 82 89 64 70 23 78 16 33 61 9 73 66 10 1 99 43 100 72 81 34 4 98 48 43 71 34 38 9 105 40 68 94 21 40 55 59 9 87 107 69 95 72 26 12 88 32 54 79 12 26 4 15 32 52 57 10 101 2 34 97 42 102 82 78 33 45 28 41 39 26 1 25 5 43 36 92 90 105 62 9 38 82 23 85 41 96 94 33 5 20 21 46 13 10 31 45 54 58 101 92 100 9 24 104 67 75 104 49 87 57 73 17 46 4 101 86 99 103 26 11 14 62 73 42 72 103 102 33 53 94 17 60 10 56 55 77 23 50 33 17 15 105 33 76 108 42 70 6 36 95 17 65 49 89 106 12 83 7 44 43 8 76 102 17 24 65 93 62 22 17 94 52 14 19 20 29 76 89 35 3 75 51 67 31 31 80 42 21 102 102 64 1 69 73 17 108 29 2 77 67 34 63 10 63 97 45 92 64 25 34 82 8 100 56 38 38 27 96 58 20 89 29 36 65 102 52 81 38 69 49 104 103 19 22 73 23 66 72 86 107 105 59 22 96 6 59 25 48 46 99 83 42 19 10 15 12 78 95 66 38 51 61 48 86 98 13 108 56 100 86 70 5 52 91 100 74 57 33 13 11 23 4 52 57 29 66 85 106 68 42 52 11 10 99 96 108 19 95 71 11 88 48 15 32 30 22 105 86 70 25 96 108 44 56 57 89 29 49 86 97 90 29 15 99 36 2 6 54 4 92 80 108 31 2 31 76 40 43 70 17 83 57 17 35 20 89 15 49 29 8 37 26 37 67 32 88 68 38 49 87 37 37 86 84 38 24 51 93 82 12 2 57 85 34 107 12 30 13 60 58 20 4 83 72 70 22 51 45 59 8 24 4 44 17 87 81 41 45 82 30 57 99 102 49 24 100 60 69 20 28 18 40 31 8 19 9 29 86 53 104 93 92 15 28 1 101 16 57 53 97 102 1 103 96 65 18 87 33 86 107 60 11 54 90 34 72 98 79 49 59 90 33 42 104 76 58 4 92 6 56 96 108 73 91 3 29 16 89 61 102 103 12 20 48 10 70 28 15 40 76 73 21 17 7 16 92 64 19 91 86 90 79 101 54 61 11 83 76 99 51 85 2 79 105 49 88 66 92 102 13 76 83 33 92 105 64 91 76 98 74 69 79 60 77 25 12 87 15 87 94 65 64 95 35 76 51 30 49 35 40 61 2 14 1 1 10 64 91 101 69 72 62 39 23 30 63 50 9 77 29 102 50 108 104 84 91 46 6 47 96 61 15 97 74 15 97 99 94 96 91 54 75 44 92 6 90 63 55 6 47 83 107 96 98 10 72 80 55 93 34 59 61 48 47 26 62 52 32 63 55 30 8 21 90 8 26 71 70 97 76 8 71 90 104 77 99 83 64 61 83 98 11 35 37 74 76 7 33 15 69 87 44 93 15 41 100 41 3 77 29 94 100 7 91 3 99 81 85 55 50 75 44 76 17 96 57 108 102 89 14 79 67 74 63 82 6 70 30 9 38 74 10 29 96 101 32 87 89 24 33 46 7 92 14 23 95 70 23 89 67 52 75 25 17 29 14 23 98 43 47 43 24 56 71 12 48 10 98 45 50 38 90 56 37 11 78 23 97 8 19 55 60 93 79 76 29 93 6 34 43 52 76 67 108 55 78 63 80 83 15 21 28 105 76 64 7 62 102 103 85 13 49 52 13 36 20 58 36 41 91 78 93 75 52 108 21 37 78 8 11 93 29 54 89 12 25 3 89 19 14 82 47 62 25 75 5 60 24 56 101 7 26 85 81 93 100 9 22 69 32 48 53 76 10 33 88 34 52 84 52 65 57 6 34 98 81 39 49 104 94 57 18 27 49 98 28 40 14 49 1 46 4 53 13 13 102 8 47 61 108 6 17 72 12 50 61 92 104 18 103 106 74 13 40 15 18 67 54 48 23 70 1 27 31 29 55 24 37 9 100 52 15 8 15 42 57 92 41 69 1 35 66 90 63 105 104 81 80 66 36 102 27 36 36 73 64 107 96 8 7 103 59 37 2 90 94 75 73 26 35 89 77 8 86 47 20 98 19 99 55 70 1 97 105 36 62 77 50 65 84 57 60 51 1 77 32 95 43 12 12 93 8 104 100 93 43 28 82 77 18 44 39 18 49 35 70 18 3 11 82 103 83 49 45 84 18 76 70
