122 1207
1433 1673 1954 949 140 1754 679 1295 1220 1155 21 1359 1289 1618 1067 492 887 628 1502 1094 454 1320 300 1434 776 1943 1983 479 1660 315 153 1445 339 106 393 830 212 1071 125 1783 577 497 1141 1866 114 560 709 1001 1539 210 446 1992 1530 745 1426 657 688 1760 1488 699 426 1640 143 764 98 887 1594 309 309 70 91 1238 566 1583 1103 1031 142 1811 383 1681 372 828 24 1901 1573 1801 558 612 1913 397 1662 338 36 157 1454 133 1043 1047 793 1352 1468 1235 589 385 818 43 1415 1311 205 1798 1343 576 625 1367 829 549 1519 1738 1160 1431 134 822
1769 169 978 1222 654 372 620 1798 1723 439 1033 663 823 202 1057 589 1512 1261 386 1207 189 1363 573 1017 1911 443 1106 1071 1874 1239 244 1642 1759 1221 1215 412 1592 186 210 1667 624 1594 681 1446 1795 1738 386 1658 1350 772 864 1538 486 1788 906 748 231 11 1818 104 1601 413 97 1360 1985 1663 1771 1577 1848 332 1595 471 1925 275 268 71 364 653 1729 1714 1776 944 1603 613 732 509 1361 962 871 1530 1417 472 1943 1865 1831 1927 1527 1953 1855 1374 637 1449 196 561 76 815 984 439 1819 712 504 1947 1655 107 559 738 615 1919 51 1837 1801 1467
660 1743 1331 490 1669 1209 795 1876 934 1431 1676 1129 343 1751 295 1326 542 114 389 1045 412 396 1151 970 1485 117 1241 1536 306 1041 1002 965 1135 685 1807 1155 1893 601 1030 827 383 706 307 1077 808 602 403 1701 1067 1143 746 1478 1890 248 447 1375 717 39 910 1022 1431 263 1986 565 1299 1792 72 1192 744 1453 18 1478 510 676 555 1318 1277 1309 1370 695 451 467 172 693 715 971 419 1783 1361 1680 804 792 1942 789 1708 1241 933 1779 784 28 1232 1153 1506 1741 1828 60 1410 1457 1720 1132 151 522 1598 675 1214 664 1645 1632 446 1005 1311 1249
148 1605 390 1856 1197 1674 1986 1980 1701 1569 1132 1558 1662 1311 1969 1423 767 1688 554 1270 210 152 1944 1775 815 1588 1407 1261 944 1069 861 1092 1025 1250 1299 573 923 1636 552 976 1557 35 533 1218 1698 854 992 464 541 1546 1733 1102 49 1676 877 863 1615 283 475 559 1703 1336 2 1080 585 1652 1652 1860 1639 556 835 1195 942 1719 764 639 572 1756 1103 1465 1653 1187 566 1701 1215 1442 915 829 76 1742 1739 131 1077 92 1210 13 95 1213 224 1734 1768 1410 1280 710 1129 44 1348 52 151 802 1868 155 341 434 1855 1555 1875 1121 735 303 862 474
433 290 917 1642 655 1012 854 878 745 974 288 24 1683 1768 419 1382 171 569 536 39 723 876 824 929 430 698 402 1164 1000 1263 1989 1784 1905 906 1777 559 1917 631 1788 1013 1956 427 1388 1638 194 1807 1371 717 727 1906 1107 1802 781 1930 730 1562 979 1483 726 331 1098 1066 114 1002 323 1891 1912 591 873 1699 1603 828 126 1343 817 671 1149 539 1739 1875 445 845 1676 1225 774 758 1139 105 240 1864 435 1689 1281 548 690 1604 790 601 546 14 652 501 841 1129 1843 9 1799 991 548 1538 1217 1344 734 1245 568 1860 354 1706 1964 945 1921 398
634 1554 1297 1675 1509 439 276 54 452 1279 554 1293 407 396 1653 557 1738 552 94 955 1895 1180 551 815 1039 904 872 1354 1848 793 1751 833 698 1399 508 206 1837 1135 611 289 413 1165 1933 1171 1912 1585 1727 1650 137 173 956 383 1352 1506 1197 742 761 69 95 960 1213 197 1793 1910 1947 652 467 1784 1786 1077 424 550 593 356 1720 505 292 1798 506 780 1970 1461 1163 1673 1318 359 414 78 427 508 1389 1991 1056 1181 1900 1003 184 366 1138 1969 1795 1561 870 387 268 941 1243 559 739 1748 1691 1060 1560 1205 733 877 1563 1146 1306 342 6 695
684 1413 227 584 415 411 1301 1552 731 1447 1464 1601 186 1731 541 1428 642 1631 1528 684 691 1439 1888 1423 668 1802 920 1973 495 925 1019 1179 338 1246 1762 1104 8 1414 1008 738 861 471 690 1046 554 1231 825 1547 1213 352 230 1903 1791 117 1677 458 1918 597 782 765 1873 1801 1943 210 1398 56 1666 1405 1469 673 494 681 1495 1184 1726 400 766 903 1946 1978 1606 527 233 1396 643 1909 205 913 857 1339 1677 730 1491 1971 1291 888 26 956 644 1494 1980 1489 527 1827 672 604 226 1437 1506 524 1767 1112 1050 1999 859 45 259 1416 957 1116 754 985
1845 244 955 1135 1483 1332 443 478 825 422 1966 1703 600 990 307 826 426 1812 1701 544 923 750 542 134 794 1153 1549 102 268 654 1438 464 1249 392 1950 731 1723 392 1560 900 1166 1877 602 1765 866 1260 942 1644 1072 642 187 346 1744 1081 479 889 233 379 991 852 1032 428 1315 280 1172 1264 1362 1246 8 921 497 1173 798 1451 1289 15 710 231 1658 133 1224 197 479 967 1277 1309 1856 1861 1688 1198 712 1071 1977 378 1351 1500 1993 712 1098 2000 1985 1946 1524 782 1396 813 1148 458 1043 806 590 618 1354 1420 1937 630 1081 1792 842 1120 1341 1905
190 1669 282 1540 1169 626 604 266 626 588 211 149 1721 1959 1313 868 416 707 25 1357 1325 1378 1129 1261 359 561 1404 1200 32 744 1104 221 412 1737 113 1932 363 716 197 1340 1303 760 1840 1023 1070 1153 242 1837 1859 267 1545 1535 1644 1025 795 355 1585 198 1554 1616 1293 1010 189 57 1098 653 1988 1812 1368 537 1151 1022 1648 1343 396 717 847 637 553 1057 1255 97 592 1251 1122 1386 1605 1058 1936 1158 1026 1228 519 1566 1636 1617 218 1624 1428 1585 160 931 958 1807 625 1705 875 1471 341 1427 527 1596 1875 1470 846 1348 856 802 406 1143 1959 1783
722 478 1348 358 446 1565 1981 1873 1501 492 1155 458 650 1779 162 1524 1601 854 950 480 801 824 1949 1998 524 1156 799 929 298 1110 1063 1372 1939 410 1729 384 1974 61 608 1826 552 1763 283 1201 1893 796 724 1846 1 25 325 1154 1200 273 1151 1723 1429 302 1003 78 1411 65 1449 1349 474 1529 1732 799 1589 691 624 492 805 1258 44 698 405 1119 543 758 1495 1219 1911 695 1491 1061 769 1271 1362 124 1349 1124 188 1149 472 1014 678 555 164 618 1598 1140 1462 402 397 1505 1451 1154 624 345 1911 470 1563 1821 1164 1054 1233 285 676 947 408 24
70 947 1173 894 312 202 1800 476 1171 1397 1615 632 1799 363 137 1601 1868 1112 1946 1778 1581 1508 1598 1097 913 831 1381 1589 129 140 1964 198 1086 1488 1443 1750 1689 1243 225 860 639 191 1491 789 905 1979 390 773 1090 335 550 1023 194 500 119 1107 1682 1851 1047 1810 342 1010 359 1427 498 1802 1176 186 1044 1752 1397 34 294 1240 823 1551 1218 1212 323 660 1546 1224 34 91 75 504 1197 1756 354 243 1917 695 1253 628 473 1750 429 1 287 1824 104 36 1857 398 1275 1031 300 844 242 622 1855 139 197 1888 230 624 391 1778 731 1096 373 648
142 1625 1627 967 1726 407 967 364 230 1070 399 438 1819 25 1821 118 869 62 1091 723 553 1640 611 1134 263 1353 1263 993 801 1635 1992 942 1259 1618 1908 1336 24 1226 1700 605 648 450 1043 818 475 863 1288 1343 1276 378 417 180 369 1379 1665 983 732 928 1976 1532 562 319 825 173 1937 733 1508 312 310 1559 917 957 9 311 1775 483 1525 1414 177 1152 143 593 1332 512 1972 996 1494 1055 275 1821 586 1189 140 1762 1361 76 846 1220 387 1156 779 1655 464 787 1965 590 1621 1489 3 1797 641 146 741 324 657 1064 1671 502 118 1946 323 1055
1134 462 817 846 889 1662 65 1627 1169 843 1282 1633 1981 1598 222 1953 1087 225 101 79 722 842 402 1730 1905 424 231 375 721 553 1429 1854 1366 245 1051 606 259 1116 233 1427 310 1514 1411 643 1463 1985 595 549 561 1048 979 1282 1889 1732 1011 145 156 1241 519 876 146 300 1082 1863 896 132 469 1506 1247 701 933 1557 566 695 551 28 679 1145 929 1239 192 1907 520 432 1639 1882 929 146 1475 1799 1021 1620 98 102 1834 1346 586 302 851 1832 1002 135 1740 1919 830 642 299 1508 1787 1227 1099 330 1485 1970 1114 1123 1852 42 1620 1326 192 641
1297 290 1094 1130 1635 31 1432 837 215 785 972 306 704 1801 948 1002 1660 734 580 758 1415 64 728 528 1539 579 921 1158 1904 1113 150 1200 1754 1596 681 1740 1626 112 576 1840 897 1547 146 1952 1347 1093 1305 1007 178 236 116 1592 299 843 472 189 1421 1392 1347 1676 504 1496 1227 257 1443 1908 1996 1069 371 572 1260 1619 470 1405 1922 1817 849 1578 1175 1026 1813 1290 970 464 485 1441 652 1905 832 1998 1933 1688 1846 1511 296 1288 1770 644 708 141 1567 1968 1759 36 1724 33 204 573 1610 1378 1950 1423 1020 919 1886 1504 359 537 1760 1543 887 44
1582 732 1555 1877 371 1324 520 1079 1816 86 1398 1927 474 1121 1959 677 1693 1568 407 1995 1342 1426 913 1579 1281 1624 468 1040 1518 1354 1084 1099 437 638 1327 1159 313 1847 589 129 284 1986 55 757 1107 365 1786 1151 1932 192 1145 1626 1617 410 1204 1249 33 1671 288 1902 1376 1723 1000 1812 712 678 971 1025 876 1911 1505 1160 1897 1911 268 1355 275 53 857 558 244 354 183 212 763 1739 1460 1147 1761 100 1048 1137 1822 399 1300 886 1076 622 262 1952 533 1766 1463 429 1676 82 135 302 135 991 859 730 1696 1394 1294 458 1132 1105 1956 892 1556 1355
380 1730 105 1680 615 1181 301 876 1484 1185 993 1298 1613 1020 1379 99 1321 1865 1090 531 595 785 1924 240 1595 1407 1696 1902 651 1252 1609 1030 981 1713 1061 1947 1245 1714 822 728 898 166 25 863 1185 1756 961 857 1620 402 1387 214 1539 1663 805 1485 1421 501 1386 71 1752 994 1453 1084 1059 513 1030 303 578 203 1383 1476 368 1759 338 1904 1514 1650 760 1134 52 498 1699 1590 512 504 1074 1933 1356 811 3 1107 157 1807 542 1215 672 1571 1517 1249 125 899 1076 492 1010 1765 395 523 1415 1506 1656 1818 3 1355 1759 515 210 1184 447 1565 1994 801
1023 502 960 1564 1716 1631 1486 1585 1231 1610 835 659 101 1844 423 847 367 189 352 374 6 706 1728 116 1220 1937 1299 18 1501 1645 1171 875 498 130 438 214 112 1923 150 1694 1884 984 352 1984 1180 775 1182 1898 1315 1885 271 1673 591 1999 1788 162 287 1439 180 140 1435 1702 1014 1932 183 1804 497 294 1726 646 1987 1962 1982 691 297 1161 1817 1479 1058 1131 1363 1328 803 1953 1678 943 467 317 733 646 456 167 699 1469 98 881 1272 947 1174 1350 1592 1512 1311 1925 554 1959 1437 370 1437 494 1501 1152 174 655 1456 203 1949 1922 519 681 919 1326
847 1617 795 1297 497 418 243 22 119 186 1886 1781 111 439 1740 1547 809 1528 393 661 679 918 1667 135 1120 1616 56 1991 296 975 1316 1143 591 462 791 1440 1232 1033 1461 1702 1218 1346 1835 1680 1785 1926 1227 945 1453 1971 1605 132 888 1271 618 359 886 673 701 1534 1999 17 676 942 830 1466 381 413 850 1841 115 419 1539 1949 99 1675 1874 1677 619 1678 1647 575 1809 886 197 778 1596 1435 1803 297 968 1801 665 1995 1094 1494 1460 1474 1907 661 1667 21 1079 1205 321 1529 879 546 1205 1849 223 1203 423 384 440 971 1161 36 405 963 332 1372
1116 996 1366 209 841 1177 35 747 1837 53 1119 1268 1257 1791 796 487 336 353 687 559 1907 1461 1294 347 431 454 734 836 1769 1065 207 1236 412 1925 1796 1252 1101 1830 351 1290 1882 1469 557 1490 1260 1704 328 1947 56 1366 505 315 826 150 661 1257 956 1394 444 724 810 1002 311 1221 926 106 824 379 288 1174 20 521 643 576 363 254 631 1042 200 1039 408 1057 1353 1585 1206 365 1193 161 110 1636 1236 919 990 1546 491 267 4 1314 997 643 840 1016 1163 1834 1943 1877 87 574 919 286 1612 1678 1694 1316 1262 900 1680 455 1412 1789 442 648
1059 1783 545 1901 50 900 1566 1046 1542 405 62 705 238 356 581 324 929 1851 962 892 1528 1007 207 790 258 1886 1596 1670 26 389 317 1084 172 1213 984 221 113 550 1618 1654 1306 31 710 1544 387 1643 219 1315 1493 1532 207 1021 539 765 162 796 1003 109 817 1028 497 1485 464 668 698 1799 1240 1162 700 858 815 6 888 1877 1901 1274 1519 471 941 1011 3 1499 383 893 263 896 40 1265 1004 857 645 1501 341 1108 520 1390 1258 112 551 1958 969 1718 315 208 1594 215 1834 1464 685 1126 826 1039 624 1209 283 1238 104 323 503 1108 1531 1499
960 223 958 1831 1613 215 1942 515 524 1262 584 838 1470 177 1404 1655 1992 89 780 818 1479 1403 26 1762 992 481 436 1846 1940 1966 1344 899 188 301 1082 152 868 1023 1019 1391 285 1602 581 106 131 1984 1760 122 424 891 939 1903 645 1316 16 1636 1797 451 1482 88 416 825 1339 955 1478 420 1459 697 1442 477 87 78 430 1019 183 560 1003 294 1034 1778 1184 324 1680 1828 1640 47 1816 1788 497 1297 227 1264 473 1565 219 302 1984 29 998 1778 857 1085 1855 1286 103 390 198 1457 683 1231 1235 1867 1906 1266 46 1897 1313 1861 1684 161 1509 1911
1425 1982 1827 1995 283 163 375 1281 1940 1231 717 146 516 1171 535 713 980 1218 295 214 1436 553 1831 1833 449 1495 1694 133 1656 1202 395 1432 1535 573 1778 1818 735 152 1450 1026 1382 518 1172 249 1688 58 1314 667 1627 1608 1232 1062 160 1415 895 609 909 940 1093 916 493 1839 347 28 411 476 197 1498 627 1998 523 360 515 1694 609 202 104 1922 1221 1730 1881 804 792 393 218 38 1353 1479 1329 797 394 1821 635 741 200 1397 1216 748 894 195 745 1417 554 1259 1462 1514 1813 1565 1787 1385 1647 1668 188 790 60 758 827 1764 236 507 560 629
327 1194 1721 879 942 1289 1626 188 1483 371 1956 388 1629 1417 1902 1793 1334 1688 1177 980 1707 1365 121 118 474 947 1881 709 1453 440 1689 131 1985 1410 1361 927 698 987 1114 180 1709 1421 919 1689 1189 1172 1482 522 860 658 1853 918 374 1973 1036 847 1271 916 1907 1075 1708 1596 1558 1692 1005 918 970 54 256 435 233 316 1855 1503 5 1044 675 1486 1917 1886 495 122 803 869 446 190 67 69 1458 1974 1143 1165 1921 1052 1208 925 322 178 978 929 964 1562 1245 819 1064 1249 214 90 1086 130 1975 1580 603 1130 448 1049 1319 867 1469 776 840 963
1940 760 15 1148 36 688 1677 1365 1616 640 1278 1212 1810 693 460 23 783 1897 505 757 1477 1459 238 276 859 1557 1142 327 332 1981 1290 624 1092 1656 123 1479 343 1799 843 310 790 120 1522 600 813 1981 974 1595 230 1478 703 1706 937 941 1981 1795 849 1123 122 1532 1455 1763 507 899 1418 629 377 1760 779 1220 69 1921 1691 1590 520 503 1923 1493 449 152 1323 1504 209 259 796 189 405 1644 1663 878 1527 1470 640 34 368 57 662 744 168 1793 1963 589 1713 6 530 584 508 804 76 1309 955 1750 1164 1515 360 1959 56 765 1954 1718 1994 1480
1187 634 1513 1906 1042 527 650 1562 319 964 150 383 969 679 966 1829 1483 1393 1137 789 1143 652 304 1502 610 711 618 915 428 612 394 1967 1597 1907 1872 990 785 873 551 1455 1837 700 1837 805 1731 1154 633 1213 546 121 353 40 772 1008 1894 1733 1718 863 647 498 1826 1393 464 1422 1651 687 412 435 1560 1314 1889 1748 366 77 552 96 1230 1537 1660 127 9 12 519 1133 1020 412 1217 737 1274 216 1234 1100 1608 49 873 1258 1088 1636 44 647 950 284 746 1315 360 1297 1762 1941 1185 1421 419 1546 1432 937 678 803 1700 1894 1540 1326 109 1125
777 68 1526 1649 1677 613 1637 1720 1611 586 355 356 252 1066 4 13 1006 1189 1785 1777 734 1216 1065 1763 19 765 8 1910 90 469 1386 1218 536 911 1218 213 1875 854 284 1485 1791 639 1840 394 1704 1844 406 1062 1384 542 1190 469 1758 254 231 128 1018 238 389 1459 706 126 1028 1242 1389 246 1806 1263 1099 441 1100 890 1079 939 1283 1135 1134 41 196 869 582 1385 1337 691 1990 1567 1170 1008 157 1910 818 862 388 1846 455 1776 443 612 1390 1541 1053 489 782 131 1780 65 1617 1265 457 164 134 1390 1900 1470 433 1890 1389 1954 1249 1545 216 66
406 603 263 1213 730 705 1824 119 598 876 608 1379 1007 739 1795 975 3 603 1139 136 1993 1038 1958 777 927 1346 730 175 890 945 593 1647 1899 1207 859 628 264 683 747 861 1558 1706 239 916 444 386 1891 446 988 1029 934 1332 66 891 108 993 236 1190 1519 1125 486 111 1123 385 1670 1982 1364 1933 664 462 793 573 167 1383 1489 962 1768 1731 1760 1108 1111 693 439 1176 1583 899 520 170 88 391 1646 925 853 768 1309 522 749 1025 454 1764 1486 1598 337 5 981 177 966 1100 259 725 559 1369 1417 998 896 1351 1896 1768 1872 335 158 1517
1259 1362 285 920 1884 1385 1944 337 1501 1429 287 1837 1433 1267 365 751 718 975 1475 1277 695 1244 626 1590 946 521 1709 818 1207 218 334 465 1580 970 1384 1815 707 1679 503 207 1460 789 395 1244 407 759 1994 1477 85 1469 753 779 1064 1730 720 361 250 781 1178 1808 998 1864 272 929 833 8 743 1539 1686 1246 97 1497 386 491 741 793 1249 734 269 1685 554 1373 463 1969 1102 1535 330 1703 315 1507 1510 1664 1722 133 945 555 140 1687 445 178 1284 542 26 1670 1032 766 814 633 1500 1082 669 405 806 1484 374 1907 1018 703 1609 1684 561 1470
1347 283 1602 291 1189 94 330 1633 623 1965 526 648 1986 1910 1414 799 894 1265 232 1562 1669 1037 1045 42 1295 414 1096 903 97 1657 372 1796 1939 326 438 1127 419 767 1111 1041 732 1637 40 1069 1898 1453 1868 1143 1069 451 1056 738 1840 101 1131 1134 866 227 389 1315 1883 1112 1110 1821 1437 1547 947 207 666 57 1599 1749 45 1639 817 294 1443 1036 1436 512 1487 492 1601 1678 944 731 811 1809 1309 1199 1475 1543 663 584 1363 99 483 661 306 1148 1070 1904 896 1466 1894 64 1760 1337 1100 1195 200 938 38 1800 615 981 882 1425 1142 543 976 616
85 1638 1552 1448 1736 386 460 393 1533 1529 649 780 995 542 843 1106 1878 1942 652 77 879 690 228 1493 22 1110 1270 1515 4 597 131 88 234 34 1535 321 419 347 714 303 1875 1362 1082 1221 255 276 678 133 570 1330 561 1448 371 789 1293 392 250 914 1907 253 1510 389 340 1743 774 227 415 1192 573 1480 1846 799 1193 927 372 1448 1202 1049 1580 1771 730 492 1571 1100 1280 1215 1844 1881 480 1750 133 1989 490 825 83 1263 1403 849 806 1975 329 651 1125 1521 1577 1848 968 1130 1249 899 1253 1978 1391 1175 1430 1022 741 1273 903 1220 1374 1387
1560 1863 563 1642 1125 1965 842 282 291 1170 932 1768 691 860 1615 1658 1989 1215 909 1593 1545 651 767 974 1672 1859 598 926 1078 1971 665 637 185 1579 630 1661 1896 1472 1942 186 993 873 305 1683 1732 1920 1693 72 1486 601 17 1030 1251 1135 3 1274 994 600 552 423 922 1216 1412 1106 794 393 766 689 1864 1059 1227 857 1931 1531 891 14 1802 583 438 1288 1535 806 669 1137 1940 672 763 1285 1623 1314 1708 897 881 1119 354 1674 1511 1120 715 1727 530 293 935 813 175 177 1178 329 1112 1615 1968 646 420 636 135 712 1659 897 1996 1282 562 55
530 1442 1525 883 1467 1036 354 533 1114 884 825 48 1696 1352 224 873 1680 1335 840 1647 333 1611 634 819 674 293 67 670 1926 628 1076 455 69 601 1337 1535 1988 43 420 1101 926 1244 1500 973 947 75 1845 626 1762 1036 624 446 647 1258 1264 1320 1902 1330 341 1827 1957 1417 633 377 369 321 263 356 363 682 1808 1640 278 1307 612 1224 1381 457 202 1494 1844 825 1939 490 434 1202 162 335 883 854 513 1191 622 1497 1567 990 1818 182 1697 532 863 1504 172 1492 810 783 716 543 1591 917 36 1435 93 327 276 527 1528 437 1213 411 1643 78
1601 264 1574 1520 1254 1391 1701 950 1923 915 806 94 407 1967 1228 1474 509 819 390 897 253 482 1223 880 1360 1102 1669 925 1864 1311 1002 1465 1574 575 1336 1179 318 1388 481 592 654 1286 1037 1060 1252 264 885 113 1434 1626 1361 1686 460 583 918 1819 36 586 743 1900 1896 1744 1716 1469 671 1051 648 988 438 1128 1579 1091 413 967 503 16 1230 1739 128 664 1365 1488 701 1824 422 1618 1642 810 555 737 709 450 832 424 271 1502 1474 918 841 263 397 771 1705 1161 1737 559 1176 1319 298 1656 1982 1662 1495 1034 1485 269 1004 1478 1078 1558 566 138
360 1398 561 630 899 386 1899 92 1000 647 862 704 1807 599 1615 1334 1917 1912 1341 250 1925 1188 1635 1761 1808 638 1590 885 548 156 1374 1259 1905 1934 1888 1155 671 138 1246 1670 784 108 725 942 706 339 627 622 602 1968 1223 878 1507 857 638 1314 1847 580 550 394 735 1923 1652 991 1856 1891 145 526 380 1391 195 1515 1498 1271 456 203 1610 1434 1176 563 1401 750 1441 1259 1606 78 572 1452 1009 1121 197 95 1043 200 1085 1250 442 1230 1775 821 620 321 335 469 1592 1142 671 1553 576 198 115 328 947 1555 1587 904 1985 158 356 993 1631 904
1440 673 1104 524 275 1545 1753 49 718 724 722 1052 1192 665 546 214 569 1473 763 1035 1800 61 590 1738 965 926 248 1672 270 1878 575 1709 902 1678 585 1176 1575 337 1577 292 1413 650 1695 604 1314 240 818 234 64 1932 1268 1864 1993 209 1953 957 1486 200 628 108 77 1554 1816 1331 1584 752 506 1158 1089 82 1801 853 1083 1495 1456 748 87 625 981 150 557 601 365 549 809 318 1857 295 869 836 754 1298 389 569 628 324 1673 1133 1833 761 1567 1633 1965 1001 1480 1420 1749 1918 397 729 419 1305 1329 1136 205 490 1453 61 1136 673 1248 1889
1970 1636 809 597 312 481 82 144 1593 2000 1777 1557 1000 1608 1329 748 1525 77 1829 1943 1381 1509 1078 1585 1998 882 1997 1485 1555 1244 1373 1876 1231 534 473 1542 1014 906 1686 959 905 1814 515 256 1421 1843 1004 1297 271 1184 1239 1651 692 669 1587 690 1902 1935 174 1808 1530 1899 1684 761 432 508 654 1797 1413 691 755 669 504 1270 924 276 1464 279 1572 1735 1462 1163 1737 154 1831 1324 1195 1732 1610 1720 1892 1140 1970 1575 252 401 82 905 198 1846 1948 952 514 803 573 1789 1079 37 68 1002 123 1881 164 1859 386 346 1534 1932 78 1144 4 1969
635 1973 1895 886 374 328 142 923 173 89 1874 1038 892 799 826 322 835 1245 1323 1309 1478 1487 1519 1863 1832 1053 147 261 548 150 581 1182 122 475 67 495 802 208 1417 1326 297 1643 363 1540 441 1189 1861 1627 785 1183 1287 262 669 805 477 853 1857 623 1113 756 772 46 1937 893 872 355 1740 26 563 1508 1351 1211 1502 1714 1102 294 1254 962 1920 390 144 1558 652 1165 363 1128 369 571 102 1833 1327 873 1878 1263 117 1102 1618 1856 1127 532 1364 829 94 1217 894 1195 1511 147 156 1782 537 651 1340 1540 167 1702 1019 887 272 1120 720 1950
1992 949 1213 108 50 1182 316 1528 1713 31 357 1806 1247 1250 1352 757 1749 1507 539 637 509 230 528 676 1931 1546 1562 554 665 633 504 1008 1582 68 1467 1983 1601 1782 1511 1665 1812 219 1822 1059 1468 1173 167 1568 679 1057 204 1539 1286 731 214 1568 628 128 474 1292 760 1329 651 693 1748 118 676 1348 1899 538 1012 1711 756 1185 1121 575 357 1639 143 1387 696 698 925 333 1781 1491 253 760 1618 726 52 729 406 702 1774 153 819 801 1852 1070 1338 1215 1132 445 399 252 1019 755 1890 1513 141 937 563 1065 1622 695 907 1874 1454 524 951 1857
1605 1356 911 1378 1860 81 178 1711 1150 1867 925 281 663 1323 884 1681 429 1126 1546 921 62 460 1985 35 1506 892 1908 959 1767 858 1168 1723 213 78 1452 424 158 1981 134 1660 1847 1410 292 509 1084 1176 542 1512 301 439 432 714 1250 769 749 755 12 1008 65 130 1866 1232 1853 430 1661 1304 854 171 1285 1339 1830 1483 749 121 344 1832 1648 1237 1344 1948 27 127 1014 1276 895 114 382 1258 1121 446 1388 1338 30 1240 1768 1690 895 973 1860 531 311 41 366 1411 514 709 1243 161 297 938 461 323 1064 1826 1950 311 1939 331 1568 1411 776 955
749 805 546 868 495 1793 192 706 323 854 1099 1040 265 1612 1748 1507 124 396 444 936 718 1507 761 667 1817 1051 1349 1737 462 125 1043 1562 1281 1589 781 127 1733 972 833 407 1825 1931 1447 89 1894 1546 1595 369 1942 390 1305 1011 249 417 1678 417 1820 1026 153 633 1502 1196 546 783 1136 1326 909 868 297 93 1274 121 375 720 562 620 618 508 989 559 898 645 1569 1498 1413 1598 1914 1232 976 67 216 477 1614 761 1611 749 86 872 1968 734 964 1593 1207 1339 665 1768 1958 1282 275 1298 1840 1524 1942 1760 1021 1707 1358 935 1290 685 1353 1506
1513 1318 266 1124 418 704 347 385 1437 1310 329 643 1000 993 410 1310 626 1037 607 465 912 901 577 1933 607 286 1219 1896 970 923 1753 482 592 371 1957 1009 1074 303 1745 510 1965 73 1505 964 1418 1914 273 43 1302 1232 860 566 132 1436 498 1090 1721 68 1337 1042 1342 1442 1875 1933 1812 184 1293 885 838 1037 1746 802 1461 1250 118 1230 1516 742 1273 817 1973 132 1382 456 1919 231 1897 1991 650 1234 1032 343 675 1258 627 838 1441 1919 1722 279 1307 1467 1432 1120 1069 1549 349 584 291 1621 1752 615 104 1486 1423 374 68 1319 364 718 904 1747
1412 1578 1005 39 767 797 309 488 1427 1616 307 859 735 1727 759 1083 310 1401 1056 61 16 1511 1898 1790 1885 1966 1108 600 1035 12 699 446 1941 55 484 708 851 793 1547 630 760 205 1488 1846 1931 246 1280 240 1999 335 653 366 198 550 155 434 515 1262 1033 1549 1273 83 347 1566 137 830 273 1340 1974 1819 1969 1085 376 1456 930 306 53 210 898 403 896 1550 768 1093 451 922 1878 1318 184 1263 1218 1808 1345 1564 1373 1834 746 1997 1173 1071 168 1141 156 543 948 1085 848 1352 1646 1745 1755 542 1646 874 1986 97 1796 216 1414 331 1478 631
490 822 547 1863 655 1292 211 179 362 378 1671 517 920 618 1954 1768 322 1951 1864 428 844 1510 1301 830 1606 1448 1045 1371 1778 874 353 268 1695 899 482 702 190 692 880 904 1422 551 1772 341 1520 1725 460 193 28 676 620 871 185 1921 52 142 1720 1448 1864 1498 321 216 117 368 1467 950 1069 8 1993 300 911 1414 1202 683 107 1074 759 566 1266 786 1241 238 9 1777 510 60 270 229 1508 133 1726 1828 701 194 547 167 1143 1967 174 1136 267 1437 549 1820 119 655 1245 1229 1573 511 367 1165 748 375 942 1609 434 1211 1837 293 1344 1915
473 44 108 1019 562 1251 986 1087 386 1604 523 1286 1775 993 1941 1020 222 1513 1530 940 1029 629 1314 1970 589 99 1533 425 392 1228 339 1216 1623 447 234 184 49 1571 1270 434 1526 1793 71 1301 785 11 320 1358 1875 201 297 904 1181 1962 1225 1769 61 757 193 804 1984 884 19 1606 1330 252 141 1730 175 1411 515 1700 1555 585 1000 691 596 1671 401 822 1871 697 77 1403 659 1302 1171 1071 410 1716 1874 746 599 1892 351 280 495 844 9 669 254 523 721 160 1459 1720 850 54 1743 1250 1228 1613 299 1656 1368 1309 1309 538 379 1719 253 252
464 1203 495 1166 1482 989 9 1842 10 614 716 730 773 175 801 1975 580 543 1576 159 508 226 1815 1875 1534 1123 764 1912 841 1369 515 1656 571 1009 822 405 1998 1182 598 359 1796 1314 1088 920 1840 240 894 419 783 822 578 1642 1047 392 1868 581 1866 631 844 1059 351 1359 714 1274 367 1887 1678 716 1421 627 1074 1216 1940 513 487 131 753 1381 550 1887 202 1479 1880 1248 222 1747 180 87 729 1024 1497 1080 382 211 353 1100 449 382 168 1869 1008 1593 1436 1300 106 1923 1430 1210 1655 331 1448 208 1809 1327 1455 30 1425 1635 469 153 1010 1965
1584 1391 527 1936 842 976 669 1009 1196 1677 602 984 1328 1059 1258 757 620 1264 1088 67 1471 1248 1745 1277 1278 1169 1263 1746 1673 272 62 1257 1662 589 1544 504 1916 213 1864 1463 241 465 798 1568 1875 55 324 494 1318 1763 560 788 1011 656 65 640 1824 1679 737 1849 1951 798 1105 1612 1738 648 467 1653 860 331 1116 1100 1147 1913 1019 1022 320 1695 1867 1989 1457 779 1129 819 1434 1545 1810 1610 1223 546 1458 1173 1696 562 1137 1433 1561 1603 1438 421 285 905 1872 1784 817 1243 1157 1488 937 1023 1477 745 1801 605 1916 1587 149 1725 1196 1371 623 653
896 318 1214 32 102 1126 1986 1539 1546 623 443 1770 406 1612 1364 1914 1451 300 936 927 1396 1089 1883 1311 675 383 1036 1870 106 1658 874 1001 327 439 1032 428 1564 1017 319 1462 1639 1113 1583 396 724 946 309 175 1245 1597 1453 992 685 1336 303 1711 70 1690 1932 175 1347 805 1175 25 1595 558 804 1158 1575 1474 619 1565 587 201 313 1310 1498 621 1836 1094 569 1289 86 1605 976 388 1315 1045 77 1598 1220 1775 402 746 151 1996 1304 954 1506 878 428 476 794 1014 1029 1106 675 526 79 511 1620 647 151 57 604 1126 444 270 170 872 1868 1389
646 621 487 1148 969 1790 101 474 1019 880 949 1812 245 1977 1270 1272 503 1700 1782 474 698 1932 530 1301 1409 1325 1571 1578 196 1438 1319 1193 58 1805 340 1026 1594 792 1851 612 24 800 775 620 1128 396 1891 1982 95 24 807 793 307 1336 93 1715 1012 15 1293 1207 1452 963 751 1862 1119 1442 1239 712 586 1090 1675 609 241 801 1228 1720 1197 1471 1702 1291 1494 508 435 1801 196 880 1515 1207 894 1159 766 698 473 1868 559 1591 1310 1797 654 1895 1238 328 855 1830 1481 434 1550 677 1904 1251 319 1750 110 1106 1550 657 1985 1416 216 878 927 981
1927 1399 1200 485 1342 861 634 1995 1107 223 323 1961 53 1803 395 1602 831 650 1204 1149 399 1665 254 300 322 590 1716 537 1820 994 1869 1746 744 1068 583 85 281 1216 80 1387 1790 754 1348 194 556 94 1795 1738 1095 1350 1238 1494 1015 1492 145 1688 433 212 224 252 1205 92 1998 1949 1511 580 385 1791 147 464 1178 288 1217 877 482 124 1322 628 1861 416 1978 1099 261 1344 942 406 1031 1374 617 1254 1626 174 1697 1975 122 1207 906 506 1350 1052 1322 879 1339 538 107 172 1014 1428 800 874 195 777 1972 808 472 1265 1565 1502 639 181 1107 616
354 1155 942 827 361 1847 1685 62 1250 1006 940 940 1895 1398 1112 908 1177 1911 134 1724 1039 457 531 1510 1722 95 1363 712 627 469 1679 1333 1623 620 159 335 466 195 749 67 1552 40 1006 1799 1438 117 1058 614 379 1191 337 1417 1648 1219 1278 1369 1313 640 432 292 1108 110 1624 1082 729 134 1417 1546 329 165 1612 232 204 969 30 1993 1438 1088 607 1816 278 1295 1585 277 514 862 1645 178 1502 76 469 961 537 92 43 1265 578 1811 1162 906 1975 773 1489 530 1742 1519 875 1179 958 1481 1346 1587 1127 930 1864 1640 144 1860 170 1645 288 638
605 824 1082 999 441 1659 809 1602 916 1135 375 404 17 468 274 891 1998 1583 723 1695 1170 1849 625 1385 1489 1120 1244 1658 1116 1531 647 1720 707 1728 1071 1147 1738 1879 748 653 1366 1474 1409 1382 1941 1682 272 290 1265 1346 1985 786 1194 961 170 1034 80 1413 1043 1195 1296 1690 1266 2 1769 336 1148 1507 567 247 511 1932 1721 1919 1665 13 1601 288 303 1217 1633 287 2 826 1247 171 212 1678 1583 1254 872 878 1295 489 1231 1064 1177 730 922 1743 977 1432 26 697 1351 1690 1061 1303 329 1363 519 1961 1 520 1138 1247 1042 1349 1276 624 603 147
1854 1897 988 1436 1312 164 166 233 258 1142 1665 283 190 1367 324 1602 669 1004 965 1539 964 965 410 101 564 1451 1802 1839 426 756 338 279 652 1325 67 316 1840 232 548 97 1725 564 731 266 282 1406 1867 950 409 831 840 1724 148 1249 176 711 699 1977 901 1125 1084 1238 1755 1736 914 1821 403 753 404 1302 1201 480 1866 283 745 499 40 964 1801 800 146 640 523 293 1889 699 1355 939 1027 256 415 111 1845 522 198 759 694 952 1863 1098 253 1416 1577 470 1698 674 969 90 1637 769 889 1782 1408 1412 427 1648 462 1781 939 1840 36 1353
1950 233 1874 499 991 568 1450 1205 17 1703 620 1945 524 670 970 1492 759 606 260 1647 740 20 1410 1166 1667 1871 946 605 1711 1334 1958 12 1918 183 863 1260 1102 664 464 1470 718 1436 1415 1242 457 384 733 1567 1342 1345 1213 81 1364 975 1598 1030 1197 895 1987 1259 580 296 1623 497 478 485 1756 1932 1500 220 1401 218 7 815 1459 463 1551 543 29 1244 1887 1593 1324 1250 567 1273 632 116 167 618 1374 747 913 996 1595 1742 1480 1351 1673 980 1922 1074 1549 280 240 1359 742 142 1901 1122 1385 140 714 1060 1741 1633 332 372 1748 851 1341 1473
1949 605 469 1543 347 1948 1245 371 1279 1166 1796 1179 1445 388 537 538 529 790 1659 1914 1281 725 1325 1021 709 9 1745 808 859 1085 280 1159 1690 748 701 388 1048 298 1110 678 1815 906 209 1260 1293 745 149 173 1886 160 86 1166 1236 1763 539 296 1771 283 1455 629 1367 1734 139 1408 834 839 147 233 1136 1257 1262 1303 162 1470 562 1806 567 1062 1978 452 1573 416 1970 808 178 508 1103 1948 790 557 928 508 643 1066 268 1828 256 414 60 1744 1670 1321 1046 183 1143 1959 1988 1709 1372 1966 512 945 733 481 1752 910 1340 1207 857 481 115 136
1341 1109 1553 1608 936 1808 373 1347 1903 395 1020 1300 577 162 1258 917 1870 630 1234 381 1574 1966 1214 1677 875 553 883 83 1034 1350 570 374 458 122 333 1394 281 705 740 536 1451 111 1835 380 272 1093 1296 493 74 881 1226 1647 1198 439 1675 424 1343 910 506 728 259 1427 1453 1068 1900 137 813 180 842 1905 1067 644 15 902 1023 287 1994 670 779 419 1550 4 417 747 794 91 1170 137 1000 27 1216 1610 1805 669 678 1704 805 1490 236 1998 1394 1302 642 1409 203 16 1695 548 686 825 966 235 829 1382 1334 1974 1473 503 110 824 882 1678
434 686 346 1463 390 1502 952 625 1852 698 278 493 458 481 508 152 1380 1193 1328 346 1780 508 79 1113 482 1903 1967 943 727 848 620 1512 1534 1317 1326 275 819 629 1251 670 1326 1528 1514 1783 360 373 286 1740 1918 1614 85 1697 473 515 1161 954 418 1127 249 1496 1975 868 1007 1860 185 684 486 1355 1312 1736 24 638 1263 1537 772 1975 261 1058 1714 178 1023 150 1874 1495 664 1386 801 1081 513 1049 928 839 1916 286 1050 452 969 1535 1806 281 1270 181 1270 884 69 41 858 330 1098 571 507 120 1072 733 1967 1736 118 767 1168 630 1815 96
1820 82 733 869 886 1702 403 691 1982 24 1224 1251 908 1292 1291 1765 1621 741 688 480 1212 1759 1212 1178 1846 1681 296 1366 663 462 1461 482 896 193 1703 1781 246 105 823 579 129 46 1829 1388 1690 1472 1504 1310 564 191 141 1775 302 1704 1305 147 1385 1952 1864 47 766 1324 880 1661 1869 582 1793 466 1039 615 1045 1519 1013 1225 906 702 696 409 363 1611 952 504 1738 1253 207 1394 1751 1943 1345 1615 1989 110 1290 869 122 1510 1802 1914 1976 840 881 1372 358 245 596 1263 1298 1644 24 12 1254 975 515 991 579 1074 736 681 1368 81 647 1357
542 289 577 1016 150 730 929 477 1570 161 1848 1927 757 444 1542 54 87 1565 66 1692 891 932 1035 1821 357 1770 853 1725 1850 1500 1433 744 140 9 1759 289 1090 1039 766 659 1200 613 938 1956 1408 831 362 1494 747 427 1538 1637 1710 572 1809 67 341 661 1791 543 512 1223 1286 651 1583 1044 1292 672 82 57 1683 1633 1021 620 1941 781 1450 654 626 196 1080 163 184 789 734 1992 1207 1075 1004 997 1617 1516 571 1254 518 153 297 1809 1177 730 217 859 715 1238 1830 1007 18 1631 1660 643 1826 1091 1158 361 231 1891 352 1438 1317 1707 434 933
1222 1005 538 92 1509 834 1900 1037 1916 117 1895 982 1706 76 1988 1723 1706 1647 717 1883 1089 1874 243 1319 117 946 756 1433 653 1542 718 226 546 1255 317 406 441 217 1443 708 333 1689 1689 390 117 28 464 1822 1674 1180 1705 1114 1406 1947 432 1874 893 1188 1658 1897 729 375 122 1626 1982 439 383 774 1007 177 1481 1691 218 1521 80 334 1548 543 507 1573 74 211 686 1831 510 1117 1704 1754 656 1362 1650 1384 88 123 1361 421 913 1744 1194 271 272 1026 1961 489 546 392 1174 93 1286 1681 1665 1360 243 350 1190 752 1819 1246 857 474 959 858
1858 1046 981 1570 1819 245 1665 1012 516 1937 390 828 425 935 1220 1599 1028 505 1279 1044 216 1873 1746 1406 625 1564 1003 1833 37 1961 691 246 1358 23 1816 1176 267 1480 540 1134 1416 1281 1962 193 215 1533 143 1594 37 1773 638 253 1645 735 10 621 298 1364 454 334 1676 1496 932 1033 1518 1099 561 136 578 1452 1622 346 732 1583 890 1298 1115 1032 892 1503 804 1881 107 800 967 468 1421 1264 1831 1874 1949 1506 1369 880 891 1238 1978 1803 1725 908 1606 1346 1605 337 928 494 1986 394 1877 1229 249 680 1461 355 1479 427 823 1251 1690 1005 1124 1991
863 844 1222 1753 433 1552 1555 158 459 1160 1503 415 1848 783 908 185 1176 784 1414 1424 1815 874 131 1645 1653 1305 896 1694 309 371 1684 1171 1567 906 1275 1999 457 829 156 1267 340 11 1681 539 793 940 724 1968 75 489 1744 241 1714 1874 1885 1366 1178 1132 1060 1838 1855 1095 1009 1421 352 283 1771 1160 1464 279 778 155 289 810 694 1081 1749 1769 1048 1823 609 1143 415 322 1368 652 40 897 1783 1451 735 1989 545 95 1761 1249 377 1532 408 192 1810 1538 347 98 347 1392 1178 96 1512 577 270 120 72 685 793 1439 1336 832 336 1470 282 1422
1811 827 1516 1571 427 1892 1454 1186 436 1263 723 782 1712 1070 525 1241 1517 388 170 138 507 241 822 1299 31 509 131 718 331 412 139 493 1590 1654 63 16 1898 1517 1554 333 1131 276 1466 843 1697 342 83 1213 729 604 1351 1235 1196 524 885 1227 1385 1367 296 67 131 435 559 72 440 621 88 689 489 1993 1373 1620 268 838 814 1965 1531 1248 1529 259 1852 879 1845 1047 1755 1082 625 1139 448 921 1205 578 1707 115 650 146 1087 1089 1187 1576 1081 559 1547 1700 1749 360 1664 1279 1607 1193 1538 1458 423 1734 857 177 815 1481 1667 1263 753 1223
192 459 1337 1193 957 424 633 143 351 65 701 1897 1765 449 256 1780 80 214 1324 1617 1672 99 1702 880 275 517 712 294 131 1465 1516 674 275 1205 1867 1231 1980 851 1725 682 916 778 578 1032 1226 1185 811 1657 1398 487 1625 1421 585 1327 300 1211 1843 1012 1504 325 828 1372 998 1102 928 1216 333 1259 67 57 1940 1334 1186 869 365 764 53 1527 420 1802 13 45 1223 949 1371 1522 160 1565 885 15 241 1712 1386 1238 814 665 806 1498 1923 1224 1906 214 557 1092 1082 1273 1855 1486 799 274 1288 1164 318 510 112 40 383 623 1956 1268 638 196
1331 375 1786 144 1040 591 1641 1314 166 1899 1528 722 990 609 1994 844 447 1144 1469 1734 659 1787 243 1123 178 977 1745 134 244 382 681 1575 757 466 70 148 1408 63 1461 1573 1961 988 646 950 1949 991 145 395 487 1613 128 1145 1751 722 267 1929 1698 364 414 294 745 1446 220 1853 264 289 2000 1671 703 1813 1596 663 800 241 1964 1100 1232 460 1494 70 73 1973 1214 175 1046 1833 455 1096 196 1220 1389 1292 666 1960 1497 929 600 1496 951 1303 1660 546 317 460 1139 633 1559 722 1092 1405 791 1164 1729 4 1691 775 188 145 1870 735 1365 1610
27 30 1569 1523 1310 168 1370 260 1470 1030 806 139 1841 1944 771 1751 1017 1862 1155 1807 1378 884 162 1068 10 350 1212 1879 1084 576 1488 1462 957 1056 1336 266 1575 706 526 1045 87 1683 1535 279 1978 305 29 994 166 1184 800 1543 419 961 962 428 1662 174 658 1098 1101 145 559 410 1552 1895 675 1126 952 1552 522 1390 1586 56 1668 1563 712 1696 908 878 1231 59 772 1 1020 1734 780 1033 259 1437 130 1711 1933 1041 120 1484 1287 1147 962 238 698 1835 1979 636 243 1646 198 954 1341 1458 1831 924 1516 955 924 887 688 1704 1920 1298 1492 401
1008 1425 1441 1128 1260 1079 626 573 1316 1675 408 1294 310 650 1291 860 1603 984 317 1786 1907 1832 740 1182 719 1779 1237 990 1076 729 1742 435 153 1183 1914 1764 613 539 337 281 214 1096 1574 523 1745 1217 1382 1699 200 50 1484 106 1882 575 1639 952 353 876 293 1780 1604 34 567 108 1568 480 1871 181 1019 559 461 1584 1654 386 458 1398 1602 192 1449 153 241 932 258 474 1859 249 1777 563 1124 69 695 727 103 1261 834 22 92 1056 202 1462 1615 662 1045 1620 1400 1503 1370 1353 1694 818 1506 286 101 115 760 1959 363 888 522 1486 957 1216
212 1411 828 1397 1432 919 805 1634 381 771 647 1425 390 398 1279 1759 1751 1324 928 1256 1610 1029 1370 721 987 1733 1608 1860 1218 564 1427 1782 326 254 1530 1758 1173 334 1743 1553 1456 741 1329 1846 1139 608 1956 1241 1931 884 496 1892 264 217 612 1250 1949 220 1110 1519 1135 536 1652 1461 1142 1181 1570 314 1867 1664 218 1322 404 1546 1519 1894 153 1827 1486 436 710 1981 327 973 198 1291 574 498 1510 35 368 996 923 19 808 64 1552 377 729 1418 392 946 1091 1148 491 962 1041 996 788 879 1783 1849 859 461 1173 1408 1751 1746 258 1612 133 625
608 1407 996 1415 1822 547 144 550 316 535 1495 1758 1682 337 719 1075 1332 1506 1953 1466 1354 1163 1927 878 571 1677 624 1180 1289 1108 156 248 514 1151 14 335 49 157 1236 364 1044 730 122 725 1418 1192 1799 1102 698 103 567 403 1266 493 1281 188 522 256 1367 162 1363 1522 761 228 1025 774 914 1425 931 149 1789 1974 1230 262 1050 647 1453 1201 1748 502 1303 315 905 568 1159 185 1107 32 792 473 193 506 347 953 733 1723 1727 1998 1147 1009 146 1287 1334 1375 1900 383 373 1705 1935 121 206 1238 787 1462 157 1945 1998 1264 1977 789 88 521
1294 786 1474 26 860 1552 23 359 912 520 1645 245 246 1897 979 619 1601 914 1091 158 503 1877 1620 1011 173 1617 626 501 406 714 1022 1699 1851 847 77 1063 750 451 1421 1661 1323 1417 257 1568 1313 1587 538 913 852 1980 1423 1354 208 1042 365 381 658 990 1233 1415 55 606 1466 258 1804 1542 1320 905 344 740 565 1666 156 1173 1586 1821 760 475 1085 1611 455 507 1317 662 1548 33 1394 558 1374 627 324 1781 1584 1789 38 1388 1682 1709 292 26 800 1209 1691 1307 733 1628 1127 1844 103 212 1807 557 718 1123 1570 618 1507 964 1175 880 1942 1850
660 1525 1639 1049 1264 1320 757 1908 1345 1556 1468 1388 1215 200 1367 341 396 1469 552 202 377 1622 1324 1947 239 830 910 1765 61 1203 1614 1073 1079 1604 121 343 924 1230 602 620 1137 421 359 351 972 1726 692 1367 1194 1595 1568 1571 1216 891 1517 1806 72 778 1922 485 1980 1888 1557 1058 1491 29 1752 766 1258 705 1386 395 1125 1744 1097 97 1469 140 1463 1015 1735 1031 937 1302 273 453 1460 697 1582 1733 1181 1913 1620 1089 1322 1111 1117 1074 228 727 130 1613 1121 1255 1709 569 1703 1529 709 1517 543 795 899 1479 448 1172 283 259 220 216 1992 1752
128 1611 840 1450 1073 308 875 1301 1034 1004 1265 154 610 973 1075 312 502 135 181 1396 929 1079 1227 1728 602 1861 1987 821 77 1978 572 556 1588 1763 5 1013 71 1231 313 1104 235 1929 1610 1196 902 684 1860 1755 818 40 1150 98 1118 728 1825 72 589 1811 892 1017 140 1816 1572 80 1578 1929 1092 2000 1159 1756 1104 1745 1684 713 1293 937 1748 1152 691 917 1543 193 1366 1012 920 1190 1083 1860 1353 327 876 1844 142 800 1923 71 1080 1014 71 238 769 1174 335 805 238 1979 1741 1985 1130 784 1253 1024 1328 618 35 599 159 1470 459 1863 1796 1686
1707 1937 837 1629 7 1916 643 77 154 1763 1602 840 919 1839 818 1012 175 299 1795 1427 1674 1122 44 1708 1720 203 1529 530 417 1324 216 123 1260 1052 1752 1619 968 746 47 1473 860 1649 664 1779 1487 1833 790 1662 483 936 1088 156 57 1484 215 128 38 1744 658 454 1067 1225 577 679 628 680 649 1595 1777 695 1419 636 343 434 766 182 266 1907 1843 748 842 1282 1255 1250 765 1470 1378 1154 1565 387 1608 983 1611 536 13 238 1567 661 185 1343 1708 1955 330 50 389 1448 231 654 1354 425 1754 548 1707 1008 1797 823 829 1526 1977 393 1912 1936
1728 1874 823 1740 464 389 753 648 83 460 602 764 861 990 211 1444 1996 1917 1868 1749 464 1574 1108 612 749 1937 490 725 681 753 1012 760 627 1834 500 1090 574 1604 89 1008 63 1042 123 1275 384 686 718 379 602 586 479 1417 511 1586 380 1259 1874 869 335 907 1622 1346 1666 600 1179 517 41 104 472 129 1111 534 1170 1234 161 1553 1919 878 283 872 1463 761 640 1974 347 1019 1584 572 240 1919 1478 1861 1264 1496 812 795 364 852 898 836 1332 361 1721 501 1946 1881 406 216 759 1040 1087 573 1801 1726 898 499 1096 834 1070 1335 752 900
1547 367 747 358 1161 1110 1209 411 297 540 771 18 1393 716 250 150 931 1360 1189 369 285 1341 446 1534 1839 1541 367 1261 876 1118 512 774 1485 1258 1132 645 719 692 1407 1368 1584 177 1737 1328 1244 1986 1477 526 1698 1017 1246 1982 358 1691 1515 548 1232 1882 1808 459 999 319 1232 835 1928 715 1832 999 1407 1238 366 1342 1767 454 669 1010 439 497 1888 136 1865 1133 469 222 824 1984 770 407 217 929 865 1567 1600 448 402 1879 1163 585 877 921 1822 1594 614 1588 47 1282 950 838 130 837 1325 1994 1969 1794 568 1144 129 1689 1550 345 617 766
263 216 1566 664 95 728 1600 1323 2000 1422 1269 965 1361 1315 598 310 504 727 1498 1829 1072 1819 1974 1639 1314 454 1327 864 1150 296 1981 1412 511 1546 428 957 625 27 632 976 1800 1900 1940 1161 1566 537 1822 70 1263 1672 250 335 1490 575 325 1155 1028 1652 18 177 1947 351 1940 809 1896 367 118 873 746 749 1848 545 648 1788 1705 213 676 1879 634 1939 1550 883 625 1391 1457 1301 545 836 952 915 1364 1250 1617 1304 411 1512 22 528 384 767 1276 584 1664 275 371 1368 839 1046 1598 1473 1336 1499 707 312 1241 164 1613 138 1351 916 1052 715
166 668 370 928 531 391 1455 1267 1510 1082 1850 1173 1708 572 892 546 1969 842 370 1305 340 1077 1968 1581 1240 1580 1718 590 848 1121 1656 1365 140 25 292 1022 768 98 288 277 1179 489 1801 1238 1060 692 1783 1029 1885 153 685 225 1229 652 157 820 584 1874 1761 1431 1346 1417 1147 1485 1793 1438 858 560 1535 1146 1188 1065 1634 1340 302 1046 32 436 74 268 940 1110 492 168 1761 648 1339 696 873 1452 478 218 1220 1624 54 1012 1061 1264 1924 947 409 1463 363 394 803 1016 1791 1186 1452 216 1453 391 1325 1945 911 1086 944 601 1781 1817 52 259
386 1271 234 792 635 1647 55 910 593 815 372 1308 1560 1174 323 1351 359 126 1566 164 517 891 108 1779 328 1403 731 460 1219 783 1070 1957 405 1304 748 1391 950 1154 300 1894 1968 1024 1201 1527 197 1876 1229 908 1 795 1071 869 37 1530 647 364 932 1378 823 503 512 245 811 1268 1548 1910 659 849 1063 1310 742 1382 333 295 1260 882 170 489 1789 170 1635 1211 1039 1671 1092 37 386 375 1766 1560 1229 277 1804 39 1897 1703 300 907 551 1362 216 1293 1095 901 1587 355 1782 1756 1195 1922 277 1181 1484 1315 1203 927 1704 1588 1301 1469 1499 882
98 1303 920 1994 1005 1572 900 1556 1285 1467 1200 380 367 786 1086 500 893 280 421 1169 1460 256 836 662 1182 539 601 483 7 99 1364 456 1753 635 449 758 206 1700 665 1843 1167 1864 222 1885 1001 1307 385 245 1938 1157 1765 1749 1413 600 762 594 1490 1362 1428 1849 1812 791 304 1565 1778 1105 674 335 804 1690 177 322 1553 750 207 905 408 591 1149 345 1747 1265 445 1159 217 1206 105 1706 919 1532 1906 1083 675 210 647 452 1314 1672 1138 469 1361 1667 791 1265 416 997 169 824 1939 1669 1520 37 933 1965 1548 1149 1522 1652 1207 441 1183 1112
1523 209 1673 521 1012 1338 192 150 1807 1904 168 949 1168 935 1945 1336 110 235 1356 1630 271 640 1946 1818 141 1467 1821 1699 259 1356 810 133 1564 835 1005 576 172 1548 1077 330 1451 1244 1630 618 530 1926 305 640 160 12 621 783 652 566 600 792 384 773 490 995 128 1651 1127 43 837 484 618 1361 31 46 1690 1482 1641 1320 451 171 1245 756 810 1757 767 1430 539 1770 347 1490 561 730 262 1402 76 741 1405 1555 784 241 38 1753 1601 68 1799 1643 1901 1791 1314 352 313 558 1459 1122 666 577 903 1204 347 1601 694 1259 683 1307 1013 758
48 417 312 1183 1009 349 1287 610 769 1437 604 669 1228 1917 1372 1540 826 830 1014 1492 1759 268 1047 105 1869 1740 1715 903 1399 727 1660 1798 1495 324 1332 856 672 618 1817 1792 55 420 461 1282 336 184 1173 1161 1366 186 1004 1124 454 51 1580 674 142 1294 1576 1540 373 1587 1689 219 1910 1020 1074 934 1638 890 1077 1692 1661 1889 973 1996 73 145 1509 1438 683 512 561 1488 562 492 161 704 137 88 595 861 1674 284 1432 1936 1303 857 1221 940 99 297 631 1759 186 1955 1755 258 452 1615 47 1134 126 959 621 688 1450 1133 1743 1938 1220 337
799 1245 972 230 1532 275 1086 752 1566 1184 1401 197 1295 1938 503 1049 195 954 663 593 87 1140 1551 1059 179 1352 191 1921 1289 1762 610 87 1007 1581 668 890 207 106 1994 1773 1641 1394 1969 935 1331 823 335 1877 1777 997 469 215 489 371 1626 667 1722 1816 940 1362 1930 1549 1801 1288 1481 468 177 1688 573 170 1460 214 1915 1780 1500 1597 602 1835 1473 378 1183 293 945 1671 1015 570 338 736 737 1277 450 666 1177 250 1953 657 717 482 344 1642 1003 1803 207 918 1934 1706 866 536 1540 339 1265 723 983 209 393 1998 1130 1082 1085 219 358 1534
1236 1886 1783 1541 543 852 22 886 493 1376 1041 1051 293 974 756 1159 1861 648 1849 1126 1722 1183 1686 466 1532 1168 1548 969 1386 257 854 973 143 989 513 1037 1840 886 274 684 262 1666 1734 906 992 841 416 852 1488 616 1977 1561 1799 1663 27 1682 1182 1926 650 567 534 1856 1539 1028 844 404 64 683 1289 338 1718 1550 355 1451 808 1346 643 1223 198 483 1839 174 43 1637 188 421 1670 1721 346 320 287 1232 175 178 259 1370 933 675 52 221 1364 121 123 1718 1571 930 1064 565 504 1261 1047 342 1786 1090 330 326 1510 2000 46 208 671 685
1439 1197 1214 1697 566 146 371 969 718 1734 1089 1192 1804 1011 473 867 1575 977 479 622 1318 264 1711 1648 589 1572 1647 987 1779 669 1671 1217 1865 884 1266 430 1381 1988 1750 98 74 838 1642 1877 200 114 743 1774 1090 1221 747 408 1836 809 407 777 381 53 1763 511 721 1785 80 937 1020 1345 1366 400 1684 1115 849 1757 304 490 1633 503 604 727 628 45 299 1375 452 135 183 858 911 563 1262 1025 1074 334 809 1153 1270 180 849 987 931 532 453 1779 641 1108 621 273 1610 1576 1352 238 1620 1650 1612 424 1784 146 1281 1046 709 895 70 134
1580 1230 1638 1202 1761 838 540 691 1721 1345 822 361 452 1442 634 414 1017 1985 1003 988 1986 966 1411 1770 1111 1044 1167 1819 1938 1237 304 1869 818 1941 1070 931 778 1610 1621 499 954 442 1211 1757 235 196 170 1603 532 1172 591 518 137 1 287 1248 1044 1453 1418 1333 1041 1722 1202 211 14 623 1141 1144 232 1113 1994 1537 1907 1204 1294 141 1400 1815 1744 1931 1339 686 448 1475 686 1086 1074 82 891 492 1766 283 565 967 493 930 1942 1985 73 173 1098 66 62 1004 1622 1707 1496 1021 1521 1239 1303 859 1924 103 686 962 1188 111 1395 78 954 1160
361 1518 479 1205 448 420 1542 872 944 639 938 1005 1994 911 1063 1841 1931 936 1080 1585 146 1355 1687 1183 668 875 1294 414 1304 247 1574 16 1765 404 1221 564 1175 762 1435 118 1752 724 1475 97 1634 537 1937 1916 1824 1368 1501 1970 1075 1187 1152 1742 413 445 508 1717 692 81 1732 808 836 1304 1723 10 417 1509 127 520 233 1953 616 218 842 905 134 665 272 1986 634 1346 1172 138 1440 1585 934 1947 1653 1977 379 1736 1136 1214 1040 858 1223 1808 719 1701 328 951 1654 943 1520 847 1847 1653 1511 471 1990 497 1816 1162 634 1607 1098 1919 1553 750
1896 283 485 1031 1848 1876 241 1070 1684 959 1123 11 261 1128 1305 1780 1974 1504 1785 1836 1974 1774 332 141 935 1317 100 384 1236 4 1133 1483 287 1970 513 134 197 753 1556 1880 63 1030 242 323 509 1899 103 482 1754 1887 669 79 12 1353 571 1299 1021 670 1682 256 674 1167 90 1312 1488 603 1797 1684 1707 1352 1916 1770 381 509 444 1241 407 546 74 512 784 743 590 796 95 1161 446 1115 182 127 1723 1207 1645 1812 518 1132 766 315 816 825 18 731 946 751 1591 1389 1991 1998 1935 65 861 1070 807 1451 217 1253 963 662 719 1496 1141 441
703 785 605 1220 1917 1722 1534 1084 546 1904 166 1491 654 1756 880 644 105 1166 708 966 235 1866 768 804 1118 82 1817 1837 1577 957 629 279 94 1233 1499 10 955 1384 1445 1852 1287 1610 1695 1940 1365 574 584 1470 91 1643 787 677 1509 1554 1480 626 1635 1297 814 1211 605 1443 1490 698 1027 1340 707 333 1075 503 185 714 112 1879 653 1829 804 1588 1650 894 1583 436 1922 1091 341 1402 68 327 1050 882 1889 1654 676 1730 352 1702 1069 1410 35 496 1913 571 1209 376 801 1861 204 1956 1801 205 849 1383 640 1122 825 1332 523 892 1658 1924 125 1547
1578 800 1628 281 502 697 1690 888 1544 1954 1810 752 330 962 964 885 917 764 1090 117 498 81 1238 1322 1413 113 566 1422 36 690 1320 1613 1842 948 245 695 1996 1935 1582 1539 240 1743 290 569 704 1253 1806 1620 369 895 88 1218 975 1325 540 739 1437 1457 161 1473 498 1832 1437 339 779 1682 1033 774 1968 966 664 559 708 953 1480 1763 558 1285 1734 926 179 1821 143 1505 1146 1034 596 934 490 756 406 988 587 195 1678 1718 228 711 843 547 1676 1507 1105 736 811 584 850 1368 1868 584 645 398 404 788 255 1901 173 850 835 1015 1957 1592
354 543 1786 31 612 365 1093 1455 911 769 961 16 1856 1771 951 705 1491 819 1640 135 1568 396 1274 1822 296 1447 671 1130 813 627 1074 1166 1522 1211 1548 485 1576 641 1939 486 1761 1251 853 1968 1374 1804 1024 1216 974 664 1350 893 1059 976 715 1706 774 1737 1188 1586 716 261 1103 589 1471 1002 1073 1046 1642 1364 1884 1754 966 736 73 339 891 1097 1906 216 1760 1256 1109 1170 231 175 875 1004 263 62 941 978 674 43 1918 145 1044 1343 1542 1038 706 1425 1143 23 513 1216 714 1755 312 619 1971 423 226 1431 1592 456 1605 818 1811 1867 1232 751
1197 1905 1145 1466 401 541 808 1943 1930 1865 1719 1072 1888 583 287 953 338 598 1571 660 1372 1797 442 1315 604 46 133 415 264 1716 1517 1812 1620 1014 1278 373 1554 437 667 1483 654 385 906 541 1320 1193 1845 9 142 1415 668 1514 1563 1109 828 167 1506 1312 933 121 1027 801 1933 999 1814 1562 1723 1719 1998 389 1553 1003 773 459 1895 92 1651 1739 100 144 1154 1119 1657 716 579 837 1234 436 148 166 557 1527 967 841 877 1132 402 599 851 751 987 755 1754 111 1213 1648 555 1215 1739 1006 1359 892 125 1015 1959 1055 203 1193 1491 703 1710 47
229 1028 1239 1457 160 1992 55 1362 1094 1041 116 1199 1503 1329 847 57 543 937 1063 1901 1828 1539 1268 138 593 1470 1682 83 524 1392 481 752 771 1719 208 930 62 614 291 1156 6 759 354 1509 87 1552 1565 981 488 979 1234 315 517 853 805 1110 674 486 1544 1198 229 25 301 1000 95 509 1929 157 1474 572 1312 1480 1330 1665 988 1768 1217 904 1100 1704 1883 333 371 399 1537 1175 1860 211 12 1404 1760 241 1428 60 1240 1874 920 1520 382 394 443 1693 1873 1772 1710 1212 1891 1278 115 991 981 349 1675 1703 748 1212 1229 607 1774 1241 362 1533
1833 141 1592 1072 15 864 943 396 1257 1386 441 1481 1509 150 692 1400 1427 1158 742 759 1507 768 814 606 331 42 1564 104 1634 1926 1988 1466 66 1932 537 432 795 1832 828 51 1217 1268 1531 725 1769 574 124 1547 1731 1217 657 1589 1985 1470 194 667 1864 110 1123 1497 387 1110 963 452 1041 1851 1236 187 1682 415 589 898 1682 119 1975 1802 1044 450 1348 775 1667 4 715 3 1826 909 669 1689 1370 1791 1185 1756 1253 499 559 645 350 1794 832 383 208 1420 1633 241 1891 1607 394 934 56 93 60 74 97 775 76 274 35 1097 1962 1404 1239 1146
1511 491 1645 421 1136 346 567 319 1080 774 90 712 1367 1980 670 112 1266 726 205 1325 1151 653 99 1579 926 485 675 887 240 265 384 1750 756 380 523 243 725 1089 913 157 1862 1002 868 1580 982 1890 1692 247 967 1896 1923 117 900 374 1695 1825 858 721 711 1098 986 1094 1199 93 1474 1721 335 550 809 1599 706 1023 600 1926 954 1933 1815 997 531 781 1244 454 1249 143 827 944 1967 1684 16 1029 1133 1001 475 684 1093 300 756 1779 1201 1917 1729 1907 1291 329 184 244 261 350 1593 792 1482 836 1597 730 979 423 25 1297 458 41 678 1943
1041 1152 978 486 1451 1733 616 651 1649 345 909 1291 1025 1444 1535 1637 1793 1479 780 1274 314 376 4 1644 1150 28 1293 1608 420 1970 1902 1813 1121 879 298 923 611 1265 1925 612 1961 1186 1902 1337 629 1788 974 774 1266 1753 47 1932 481 402 1575 1630 782 867 1589 1201 1188 1490 1013 660 368 1662 1582 1331 1279 1859 294 1239 1044 195 576 1672 335 1901 445 1952 5 844 1883 485 1245 1810 115 378 1028 55 1579 216 1545 943 875 264 957 809 1946 235 667 239 1825 1710 786 752 1733 1472 652 530 1423 657 1373 1306 1141 969 1467 1607 1347 494 14 1277
1061 1910 571 1936 173 1527 1096 471 1761 1762 709 1938 1823 1846 689 1555 1317 1693 84 740 349 1456 397 1841 777 1863 1800 123 708 1813 1751 1769 1722 321 56 246 1848 1151 716 1960 1264 1777 1897 1086 1622 938 992 939 630 1076 1678 1330 883 426 1522 1659 288 1321 133 1347 1485 235 1115 1558 556 1522 156 755 1024 871 1066 287 999 1315 1724 621 252 716 1911 1233 143 1940 562 1025 365 83 1036 1004 1756 1520 350 1240 1755 1817 1150 662 1338 1305 1416 714 175 481 1352 1526 147 1076 146 398 1791 56 1630 1933 1995 543 1309 711 978 344 1714 733 216 63
1972 1970 1879 1121 631 1569 777 398 282 952 1230 1633 829 1377 1060 974 1774 1202 1381 1756 1486 1727 650 795 437 1627 1490 502 359 57 564 683 26 795 155 1008 715 932 1405 1348 235 635 1332 1063 11 392 388 136 1593 1768 1891 1431 1846 893 577 634 519 66 1135 878 123 50 1560 500 1196 66 1508 1910 997 912 1609 1231 1898 941 645 1908 1684 1032 396 1628 1151 638 1058 996 1530 1634 1981 49 52 1115 1278 526 1517 837 1025 712 1254 884 974 251 148 582 1833 45 1874 478 305 1557 1509 700 1185 1012 1337 594 359 867 228 340 1267 279 1806 544
804 1322 1732 180 386 985 1064 1711 1235 1211 644 1420 1607 518 1897 1911 426 1757 962 1962 768 299 556 1127 1517 783 1818 783 1413 1623 1326 568 1297 1057 747 1682 393 162 1744 1980 1724 387 1399 1331 1256 1647 1593 1682 1403 555 1995 523 1205 550 1 721 1684 1818 1503 1096 1792 1180 15 1088 588 1114 1121 980 1275 864 1311 1351 1603 709 1033 1210 355 625 1243 110 1531 1238 632 735 139 632 1455 1823 801 1309 1270 592 840 1285 32 1427 750 1504 759 376 720 69 1726 322 1130 758 1531 1484 1735 774 1593 1617 363 576 352 501 1559 158 323 711 1819 1945
1303 658 1229 1686 437 330 1189 1547 705 1908 1615 431 581 744 1540 464 580 1626 1589 524 1243 1951 1100 1946 451 1010 455 1126 1721 625 1070 1375 1635 650 1060 423 979 600 1969 1683 860 1935 465 1792 1031 357 255 1610 1982 195 485 1576 497 1584 1873 948 946 680 425 666 1304 1846 40 1290 847 1451 1712 177 50 1680 211 1261 1967 676 1053 997 1384 1659 958 1365 1854 1442 1293 350 1378 1517 1649 323 196 425 988 1852 622 1379 1141 1468 829 853 1644 1230 884 1855 491 1202 882 1895 198 265 1905 1507 1981 1758 949 1273 460 678 790 460 1000 1337 1237 339
1188 1858 1717 681 1326 897 1885 969 126 768 1175 968 322 56 1214 519 320 1119 378 653 1228 1326 1925 39 355 1066 851 1354 755 87 44 1942 1944 1760 974 1621 1008 858 942 1485 1978 116 805 299 524 18 1169 1195 1488 1546 1847 716 1223 1772 1106 1577 1189 1956 1282 1943 42 1325 237 1986 1436 1210 1606 443 68 547 1928 45 1015 1084 695 1538 1101 1863 732 589 1409 579 1656 983 702 761 560 1890 717 1841 185 758 1166 421 1095 601 1982 1053 1396 401 1951 1675 797 965 758 1491 854 1858 1354 1586 798 1114 516 805 448 1217 1566 1007 1458 634 848 1642
1743 365 414 1190 1317 396 242 712 796 544 738 1945 1861 1495 1435 714 1705 1140 651 854 605 1166 1659 1053 734 1576 59 192 209 1258 185 303 1974 599 1492 1291 1346 85 354 493 981 1092 437 841 938 1872 1554 642 1363 557 1496 1968 1722 1506 1020 456 1081 1430 647 1641 1040 831 295 1013 1781 1787 655 1478 223 1361 1971 1203 804 407 43 1741 630 1949 735 1993 505 230 312 578 87 1683 1033 1167 1112 31 1159 503 1214 1453 1516 1346 1591 522 824 1814 1882 794 1368 685 1552 1763 426 534 63 1160 526 567 1741 1189 1496 1827 871 881 1345 1982 911 855
485 476 307 352 174 250 873 997 63 755 142 1782 1439 1693 1544 216 226 1606 1727 1103 524 1467 291 372 1645 1513 1252 1341 1495 514 195 331 990 854 1034 1515 1103 1906 511 1517 1012 652 1298 803 696 1194 1370 1274 1151 1097 728 27 915 1371 398 560 883 1649 252 729 162 447 1059 1503 1652 444 1017 754 702 1879 270 1713 882 1919 867 1578 1112 237 1203 615 1333 1930 641 599 1300 1038 1510 183 1038 1762 911 1551 560 322 1054 211 765 422 1316 1466 301 1585 1531 1534 1855 397 1111 1319 985 313 1933 669 243 925 1268 1894 1962 777 76 1351 890 987
901 1449 1308 306 11 424 728 1326 1890 1380 1262 1772 913 1117 520 376 787 1505 1040 719 525 1282 1643 144 1528 1956 1273 1603 1306 162 941 558 1963 600 864 1973 1024 1943 1651 1265 1322 912 1036 586 380 1907 961 1166 1411 1 236 288 1634 1878 431 1161 185 1703 1116 1842 217 56 400 179 656 1263 503 31 1205 153 1295 878 1065 682 1463 1444 588 776 962 351 1128 1197 638 1113 1427 1420 626 1963 1123 1741 1805 1691 148 204 1869 803 1818 371 833 1374 524 479 251 1940 1160 65 1735 1748 1192 696 450 671 245 1087 1784 1671 858 409 1633 1980 501 1789
1670 648 344 1890 1803 161 261 987 1886 1136 1466 488 1075 977 905 809 1076 96 1857 1525 767 101 963 902 123 1821 1310 107 152 1810 1896 174 809 239 63 611 752 675 1598 637 162 1415 1477 1236 391 381 397 1467 476 605 991 1594 705 1954 495 827 126 156 1285 277 317 1180 802 1126 1771 865 88 874 1891 1685 1862 53 1099 1338 1640 1490 1718 36 1308 194 640 298 139 1696 603 634 874 1080 789 159 1357 1458 1690 158 583 1460 1374 670 333 1265 707 195 1669 1805 1884 1308 1646 1602 1696 953 147 687 1603 285 735 557 1270 1608 1637 411 118 993
1868 160 1502 802 1971 876 1823 304 492 529 850 512 686 1085 171 331 686 1866 1636 832 905 1238 1469 1639 1794 1090 1598 1430 1500 68 774 1719 227 628 520 197 1855 343 852 346 1223 53 1209 1908 1138 1379 591 175 1597 226 1359 501 1815 827 491 1960 1916 440 1390 1768 507 515 1486 1085 1142 358 1282 996 1052 485 1693 274 890 901 182 27 280 772 201 1876 1349 1911 728 1163 737 1570 1122 1005 9 863 1124 868 1730 961 1952 871 1318 1585 219 721 422 1911 995 1311 1164 1528 1689 1795 651 241 22 1999 152 749 1513 1240 670 986 596 678 201 1719
1897 1930 680 1849 1152 349 1785 1722 1070 206 1985 416 1868 1148 295 1556 942 945 149 1315 1295 300 415 1159 1539 1084 496 135 113 696 205 10 977 1236 210 481 1585 1994 202 1006 552 186 1773 771 1685 67 327 978 1011 475 292 657 1126 706 1815 664 1789 310 1150 1902 1358 1355 1911 334 590 472 1166 526 465 1368 1883 1368 1905 1655 139 1590 1721 817 567 1083 1643 859 1739 1120 1916 1553 135 1705 215 1285 1958 1572 991 220 257 1932 691 1423 810 1507 1142 692 1227 1046 699 1717 987 419 533 1554 1854 527 764 1592 1646 1031 1497 1780 1087 1711 1416 1044
1634 758 1615 1890 1042 657 1312 1851 164 453 542 1390 1851 1240 1458 837 11 1990 742 1864 868 1857 1807 865 888 1303 996 1974 1365 764 1370 1350 1521 984 1240 562 1641 903 764 156 1708 1306 1897 1910 897 1354 1098 1259 1695 1840 1474 914 48 1281 1778 1287 935 1125 1613 652 1888 982 1 1761 317 1592 322 309 495 1086 464 554 743 712 463 1991 65 1560 1602 111 1751 1075 1024 1799 707 801 1437 1642 278 1049 293 165 30 293 1925 699 1885 599 1007 731 36 1823 1636 1130 886 98 1472 951 9 1073 1413 112 500 437 262 1206 1589 1698 1199 1866 747 1491
383 1128 136 659 1826 372 1257 1185 1102 1644 1007 737 773 1892 1186 245 1194 1546 1669 959 1657 520 1395 1918 1726 1335 1968 1276 1553 714 767 1935 1841 1254 593 1667 1625 202 1203 1078 1845 209 166 618 452 1351 1214 1998 1248 1234 956 905 106 702 1174 1831 388 1141 1458 1940 206 224 1874 47 1829 819 65 1453 1020 1267 882 1216 1827 1047 1833 630 749 1398 979 1997 984 1934 1253 1089 987 426 1271 1375 1919 728 1666 124 1304 1540 522 1132 710 586 937 81 204 1818 1296 382 865 1481 1012 1613 1230 1990 1961 213 276 1213 1653 1614 1991 1275 1340 261 3 1006
384 1658 897 906 1141 1606 1843 77 1686 47 247 1333 780 1463 813 1791 1427 43 133 1388 607 408 952 260 373 942 1534 1713 1202 1888 718 1938 1897 1614 1195 1038 1571 1037 1466 1608 1435 64 940 215 1526 1753 357 1305 1795 489 1044 401 1248 1995 1012 1621 1289 898 1333 842 1137 402 1131 1034 15 325 423 1937 1714 240 1544 1500 656 483 1714 533 587 71 1837 381 911 880 1134 159 1227 497 1779 867 1394 1463 60 883 1864 1191 268 230 1867 1042 166 1580 1281 1709 1080 288 543 1145 821 1130 1567 657 1862 478 1889 995 636 1467 1844 766 333 1589 580 744
471 443 1934 738 1024 1801 131 1189 1732 1764 897 811 51 1791 1956 871 920 1522 1880 782 351 120 128 1338 1586 1971 455 270 1560 1034 1013 382 1828 1299 1472 851 1451 1602 39 1182 1365 1287 345 1416 1078 300 638 349 173 517 1130 524 988 1610 1861 573 1580 316 1194 1491 1701 559 1873 1529 209 1696 731 1659 1649 770 840 1014 408 1184 781 1837 1835 1770 186 360 287 1315 883 1274 924 1095 199 856 1762 1744 698 1463 302 570 1343 510 617 73 520 266 1194 1712 1631 1602 1247 411 1438 1082 180 1623 1441 818 1290 675 444 565 121 994 1772 1883 737 470
1697 1391 1391 1391 252 8 1815 772 625 1009 835 255 962 81 665 399 1514 1196 374 1306 366 15 1980 809 931 453 1802 703 687 890 1524 735 280 914 125 532 1273 1939 1655 1897 1299 489 151 260 569 1167 1011 435 715 1384 1740 1080 1750 1720 240 1032 524 41 1734 1210 1282 1609 1944 1562 523 68 445 147 358 451 44 1657 1291 546 1916 211 1713 926 645 779 661 385 1858 762 456 97 1794 979 489 1879 188 1770 1488 131 1683 362 550 127 508 907 929 903 915 219 1449 831 430 1513 108 1074 291 1121 1458 148 234 1913 596 27 891 1084 1906 1430
1205 1745 1560 888 106 109 1014 965 1368 295 1868 282 513 1668 1464 1294 1180 1572 368 1822 1044 177 321 1277 442 916 1656 1684 351 1913 1114 1555 1657 1025 442 114 1486 1808 1430 853 102 1297 1134 966 1316 598 260 495 521 979 316 1916 1507 988 1544 300 1903 1199 1984 605 1111 1449 160 1119 825 601 1584 310 760 1014 1162 1213 662 648 179 1978 1245 438 824 117 1768 1492 32 1274 479 1575 1574 734 1126 1909 1338 588 1709 1497 59 533 450 1642 843 1561 1007 4 774 1669 651 952 1998 247 1741 821 715 1508 664 1098 1133 1143 1025 1058 1876 150 1318 1565
1089 1026 1062 1147 1559 1863 789 753 1423 147 1108 196 1815 111 1499 164 357 1239 1337 1424 1098 2000 521 583 1142 1545 1992 1369 46 1310 934 1135 687 347 281 245 209 1421 1349 1983 1568 457 531 1734 567 381 1898 1275 1972 1234 698 1069 1233 1571 3 727 1467 1995 95 1513 1656 1028 999 342 1726 1631 939 286 1052 287 269 971 743 1151 704 1661 1531 953 936 1502 538 1633 923 123 1555 1277 849 1022 1271 1295 534 1278 675 1884 1620 400 1514 910 686 565 1196 1306 1887 291 456 591 1951 338 1895 886 1840 433 871 1114 555 425 390 1755 1446 13 1049 331
1290 75 214 1261 475 1728 170 1160 644 1366 465 531 8 1272 1473 310 1609 1367 1196 1800 151 418 913 1057 1194 1655 1163 992 1667 212 1674 956 286 1888 569 1112 1967 738 271 962 455 1087 1492 462 710 1316 772 319 1035 319 470 1185 1088 1735 594 633 1389 1756 1624 1407 319 1298 362 957 1537 930 68 1855 20 691 816 474 129 660 1288 839 1975 411 1509 1361 1081 330 546 168 64 1491 800 1452 1246 776 858 1565 425 1572 873 313 853 940 167 1224 1982 1334 1698 111 345 985 1301 320 1747 1161 1680 827 1490 577 994 1554 67 145 1357 1665 1272 567
1581 48 490 453 360 1342 1744 878 566 1726 564 615 188 908 1951 1840 1579 1697 1000 1259 523 489 187 1868 42 606 364 1751 270 1636 317 1850 35 806 302 747 499 45 1624 1416 122 539 382 309 1447 332 148 1025 380 1499 635 902 1988 1174 1121 381 1779 1485 483 48 1472 799 249 1506 1956 902 252 807 1298 228 222 1420 766 604 80 564 1287 580 1589 1667 78 575 920 417 1748 393 798 1526 229 1280 1925 1700 431 173 1557 738 1074 161 1544 724 740 118 143 1857 1073 574 421 359 1153 361 377 1583 935 1649 1999 683 41 1148 208 269 780 485
320 1210 657 1876 299 83 388 1843 806 1479 1960 1300 1336 1032 1873 1756 1742 1378 116 471 960 1050 119 1310 84 159 458 292 779 1589 1128 1098 1150 136 1325 1448 218 65 1290 1375 1543 1601 1026 878 984 1251 985 726 628 1100 1196 1939 502 1666 1248 585 176 57 1228 954 1997 707 403 1146 843 1727 594 1060 1791 235 787 1334 1836 164 211 819 1414 1196 1896 393 647 1443 331 1500 1108 1931 437 1283 339 16 588 336 723 990 1833 1565 1069 426 976 859 661 1762 544 848 278 1107 1666 1691 654 1562 84 1300 1004 766 1152 464 696 1588 1746 1387 1603 686
1722 677 1675 1554 241 743 332 1217 1954 1344 1330 497 191 1607 1603 208 1650 608 121 1733 1908 1477 498 1411 1940 1546 1350 37 932 1304 722 1005 1981 749 910 221 1843 1241 1789 1796 936 1471 645 1126 1429 247 1686 1078 855 1806 1162 1114 1282 1660 876 1573 1557 225 1610 840 1528 683 1844 1508 1431 1105 81 1274 698 1869 1421 1633 1691 65 1111 1120 312 796 197 1518 601 1359 983 235 1370 1858 1807 1278 434 1768 117 1961 451 312 1469 233 1416 1549 1858 113 1769 1279 1746 1812 1343 1208 931 6 3 1479 1875 955 1189 857 1189 910 1066 1348 187 1499 1115 655
1460 1565 966 1280 150 382 1180 7 846 1300 1285 943 1111 628 150 393 633 152 1872 508 1459 1060 1716 647 322 1134 1994 508 984 1461 1163 795 1025 128 74 1526 861 1605 1533 59 905 817 1001 367 1444 1151 760 429 1654 983 1288 1112 394 1355 111 715 488 456 1223 1472 1916 737 266 1293 1216 692 818 77 296 350 487 1552 1519 1487 1919 1314 989 1030 1742 995 12 1381 458 405 736 568 1120 1575 1376 694 1398 1291 1430 16 583 645 1059 1753 1073 1354 102 1911 1258 1972 1398 1176 1286 738 205 1027 1732 216 760 542 972 1495 1461 91 1421 836 784 1171
479 565 1186 1413 1562 244 1165 986 1949 1619 897 1206 1590 646 733 875 1383 937 254 1467 1504 1013 8 476 859 1820 918 631 656 54 1801 1134 618 1338 898 531 1581 63 1517 1882 33 765 1087 1974 1410 1820 849 792 1108 1454 258 964 818 617 1791 28 437 708 658 1444 761 459 929 1731 148 1826 613 1729 240 481 1962 272 1245 1048 246 654 1219 1446 1798 679 1251 407 1642 68 1024 1784 95 1812 491 1104 1255 1604 1914 535 1686 62 360 650 142 952 1131 103 1223 375 1502 1820 1029 721 1617 826 1751 867 1584 1744 1286 607 1527 1380 770 369 836 376
1972 749 910 9 810 1622 659 951 573 1789 1053 1795 515 555 1967 1895 1627 1935 1072 1729 802 656 1472 439 1262 1350 171 384 1718 1006 759 42 1754 1669 402 564 1290 1060 1866 1862 1200 919 8 1715 1825 326 1961 1451 261 1033 1179 1414 1688 1002 1852 1301 351 22 1684 420 1027 443 461 1133 463 1215 1696 104 274 1913 317 1826 1183 324 1892 1007 1002 1852 809 1262 884 339 1027 571 1340 1230 224 42 1252 1907 462 630 701 1274 1762 1515 488 1809 1618 1114 1722 1934 939 1256 610 1182 263 1963 1033 1071 1576 1917 1410 602 839 1101 1831 1414 1495 1434 1673 1956
416 725 1581 529 240 421 338 209 1886 411 495 1176 1666 1456 357 280 1418 1389 1351 993 1657 1112 1946 848 564 128 613 58 1562 285 365 1977 1010 298 857 1249 718 1194 1457 955 1956 303 130 1974 1758 486 253 1175 226 1955 519 235 1418 464 1434 334 592 46 391 505 331 1108 833 1692 1405 1689 940 474 1235 748 1428 1190 1403 1909 1515 1160 746 120 335 971 426 1205 1557 1844 1669 990 529 612 1388 919 1116 70 378 1948 1761 1782 1636 1052 607 870 1799 386 412 1201 294 1926 713 1039 397 1399 362 823 603 1918 1018 623 1260 1546 1234 647 464 349
1068 1194 648 828 975 284 1879 1934 1505 29 319 1916 1582 613 194 646 3 590 44 364 1412 646 634 429 1269 1893 1974 854 891 790 1203 310 335 202 1137 1309 485 1367 1594 342 1747 1913 257 1328 877 802 1973 1231 1392 368 1595 1155 1366 580 1584 634 824 1909 1839 66 1050 1041 375 1384 1243 1863 1045 79 1229 990 420 1327 902 1029 1007 130 1830 979 1361 1573 1699 1307 728 1064 1886 663 49 709 923 1887 774 1973 1280 1500 1708 874 1362 1104 952 942 94 1724 268 1347 752 1274 1829 933 605 1189 506 303 495 1233 1366 732 1895 1766 1792 817 1652 917
1141 931 416 1201 1804 129 656 1108 1070 1101 831 1337 448 1934 963 276 1218 1567 1816 1723 221 662 1307 1938 1393 1553 1703 1184 722 1354 100 1862 637 867 1414 792 995 70 1899 64 1170 1081 1752 1969 1366 714 596 936 632 411 658 1204 1424 317 1141 816 1869 1195 351 590 901 802 804 1889 20 569 680 1014 990 579 1429 160 11 1181 480 1729 246 1428 664 1230 1838 1673 433 1614 1989 1926 429 210 1472 1132 1151 372 285 1954 260 305 875 940 1318 1864 1870 747 375 232 279 855 1960 876 282 623 105 471 648 890 84 636 1167 865 845 638 348 348
78 36 91 75 18 1 12 118 13 111 14 31 107 106 9 62 67 2 3 104 91 26 55 10 7 3 116 44 48 15 91 3 51 61 78 68 62 91 63 74 82 78 106 66 61 115 7 6 116 9 109 86 36 43 98 45 47 93 88 94 108 56 99 38 118 54 105 57 24 48 10 105 3 116 48 66 110 57 73 103 67 61 69 103 105 46 27 29 16 114 2 3 49 100 40 44 33 25 103 57 74 112 39 78 107 89 21 94 23 95 77 89 33 25 71 17 70 97 47 87 90 49 90 18 26 9 64 61 33 44 117 106 35 35 62 22 3 84 117 27 57 71 116 91 97 66 108 44 43 32 9 12 82 100 30 108 108 93 48 19 16 42 4 52 78 65 75 81 29 70 107 87 20 102 55 117 48 40 38 90 74 48 101 33 25 8 20 11 102 67 31 119 110 34 49 66 101 1 26 9 72 12 95 92 114 27 86 39 69 1 8 22 51 108 54 75 118 76 87 99 22 119 96 10 33 24 77 13 26 104 21 98 115 117 67 106 21 30 24 91 32 31 112 84 19 46 39 16 1 5 116 22 2 89 33 36 114 109 48 20 90 70 117 83 64 63 68 86 94 92 57 5 2 48 89 22 95 5 37 95 9 31 117 12 121 27 47 115 16 96 12 107 45 8 67 108 72 15 74 43 108 10 49 109 57 15 9 30 21 47 4 32 79 122 43 78 29 92 72 44 65 83 28 110 92 97 97 41 113 50 85 98 59 11 86 116 28 96 25 48 21 30 79 99 30 2 56 58 93 5 103 35 89 10 24 58 106 121 98 98 48 62 73 109 73 39 104 100 12 6 27 32 35 108 11 66 109 68 1 81 75 103 117 41 113 19 101 98 19 76 76 68 16 26 54 90 64 35 69 78 42 95 109 79 82 121 24 70 69 25 28 21 7 23 61 121 43 39 99 63 117 52 8 12 79 64 101 23 100 49 100 22 23 88 102 105 89 3 52 35 29 82 55 36 104 115 36 26 34 14 88 30 67 97 41 24 40 21 48 20 69 25 41 93 114 20 75 80 24 7 114 53 88 48 90 71 43 5 96 76 19 63 105 85 39 25 110 79 47 35 98 115 61 18 87 53 39 40 12 62 46 6 116 13 53 85 83 95 90 58 50 110 122 34 72 38 58 62 116 106 96 93 100 37 110 65 91 28 104 102 92 29 109 85 41 40 48 3 14 17 60 66 4 59 99 77 98 37 16 94 20 114 64 120 28 54 62 118 83 45 99 52 73 86 15 115 3 64 117 18 80 56 83 85 116 62 39 93 98 57 64 119 48 8 116 77 63 57 72 23 101 50 75 53 13 91 45 17 32 41 35 113 98 119 75 93 58 115 64 35 49 5 32 98 14 25 52 76 84 3 99 62 53 53 115 65 21 39 82 54 82 118 46 57 116 120 28 52 114 93 86 43 99 119 18 113 24 70 66 107 72 44 46 2 96 40 69 118 81 28 49 40 25 94 98 18 93 5 71 87 97 37 7 74 33 24 66 56 93 11 40 45 55 88 46 30 7 116 26 87 21 76 4 47 48 102 67 20 106 15 106 83 51 112 36 84 16 101 19 108 111 59 32 45 24 80 75 32 73 100 119 96 53 2 20 102 105 86 2 91 103 107 51 31 99 86 116 114 66 13 101 56 73 11 101 98 90 53 7 40 30 3 15 84 7 35 66 111 122 67 79 102 51 7 13 29 94 8 22 39 22 1 95 94 13 73 71 102 5 78 21 36 82 38 119 88 72 62 77 73 6 33 55 59 42 69 89 15 78 111 54 100 111 28 73 3 100 22 106 104 101 4 17 60 43 15 28 114 79 104 67 84 16 121 22 59 69 111 74 24 101 7 1 91 34 74 93 13 97 76 118 75 81 14 14 2 28 41 117 106 24 61 70 42 61 93 100 7 83 53 31 61 61 31 29 94 106 121 106 82 76 103 34 35 116 48 36 22 90 32 7 116 93 76 35 31 49 14 38 9 69 70 70 7 100 100 101 86 101 86 45 54 67 81 90 62 8 5 83 97 37 92 90 7 45 4 39 93 20 78 104 88 25 51 94 5 30 74 90 8 40 12 64 108 92 31 47 99 38 10 76 74 101 45 82 25 51 122 120 70 78 101 37 102 31 10 106 62 84 75 70 3 89 13 112 60 45 38 39 82 47 114 35 27 38 116 54 88 116 51 37 73 31 73 52 63 83 38 2 46 114 73 48 80 87 39 18 10 76 56 91 3 49 6 29 86 121 84 54 116 12 90 66 44 41 120 106 1 37 110 46 28 60 95 108 25 11 5 36 88 60 6 90 108 11 121 73 12 82 4 5 96 94 73 19 14 72 3 14 108 114 61 15 51 35 2 77 47 6 114 12 67 120 104 54 8 104 5 19 65 10 26 38 105 100 57 118 49 61 9 34 52 71 50 104 105 52 61 29 57 52 43 4 49 24 57 59 7 63 79 71 73 104 109 55 81 45 51 9 105 61 42 36 10 94 17 116 23 79 23 81 9 67 84 59 90 19 117 96 81 76 44 33 57 32 88 18 76 18 26 60 78 70 97 89 41 114 83 65 72 105 23 82 49 109 19 18 7 15 115 89 90 38 122 27 72 87 46 27 104 71 87 61 20 61 28 62 54 110 4 6 94 29 87 22 15 105 39 23 122 33 111 91 70 110 119 19 76 42 48 59 113 14 120 12 74 27
