140 1376
1742 449 1575 405 531 401 872 1493 1896 218 233 1305 586 1300 1067 1527 1961 1238 1832 51 169 1541 1837 267 460 658 783 1941 1792 634 1038 1885 1434 964 289 1965 1365 1160 1809 1260 1729 394 916 314 1693 1982 193 5 1219 376 407 1388 1916 596 6 375 1253 788 315 1397 1773 1705 1281 1207 668 1570 1523 384 729 1331 1995 458 76 910 1123 1768 1244 1315 125 814 1690 531 553 1957 1126 559 331 731 1346 646 127 1471 702 1407 677 1369 976 551 105 57 233 451 866 309 1713 1988 428 956 1655 552 1769 1696 1435 322 1653 560 880 1983 1290 577 980 1768 47 1681 1527 1075 1402 854 1977 1858 910 210 308 127 518 20 115 945 1327 121
1849 1096 1816 1283 1769 1468 194 1000 1803 1836 1928 782 1603 327 815 1129 1753 568 1983 1730 425 1244 291 1084 1371 808 1456 1837 104 782 1957 304 229 124 1938 349 1592 132 1348 1746 1967 1628 527 1921 306 1693 1050 58 612 1384 139 1036 627 429 472 349 1588 1927 537 44 708 845 347 937 969 285 1285 912 768 985 657 734 964 1535 654 1269 1228 55 1326 1839 1438 1817 1227 417 245 50 1117 1833 1976 1654 1876 1035 850 574 323 1818 858 1960 729 1977 944 1737 710 259 1272 1716 1527 851 1770 1204 1041 1560 1020 267 328 1617 668 1444 1449 995 1449 1676 30 651 249 352 468 1459 311 1549 1435 1606 1285 497 216 908 212 1742 1758 333
1298 799 1892 317 1417 571 285 85 367 1733 1079 167 1760 1108 817 9 1812 1285 1819 474 1185 1253 432 821 1749 647 1729 312 389 1486 645 38 284 888 706 1701 1459 991 1785 1825 1075 1215 1991 835 675 808 843 486 444 1013 1311 1980 265 1742 800 366 389 528 1029 1129 366 1673 1166 649 913 1871 701 371 1213 837 547 288 52 537 1122 726 1696 316 1563 491 1328 873 470 1944 615 1270 661 1003 149 1690 131 514 1714 1648 1515 626 1870 215 1348 1083 1052 1894 1370 1103 783 843 180 478 1158 1742 1321 837 966 1790 780 1580 1411 1441 934 1912 1482 1416 425 1195 1063 291 173 933 506 1520 15 1557 1414 1736 1011 196 578 1190 1025 1735
1283 697 923 248 487 1702 180 249 1494 1113 160 975 529 937 522 1943 1227 694 875 84 213 1241 1640 1626 1328 1002 173 1905 191 1550 1991 1825 246 913 73 1084 967 604 1333 460 1716 1844 1787 244 1132 308 187 711 1001 1413 794 1213 1006 786 1191 333 1787 1363 590 330 1264 932 154 1510 197 578 593 1163 1181 277 1974 897 473 1760 1492 1604 67 30 314 1419 1795 1108 984 800 1893 174 1484 1679 1888 425 360 1152 1357 514 1013 1553 1443 1957 1067 624 586 1040 1872 1058 1152 1715 661 1570 97 975 989 1891 82 1972 1042 326 497 525 356 384 950 716 1887 658 1581 899 210 1023 1208 1276 1998 1793 667 1869 850 1818 1936 1510 1388 32
836 728 1922 1269 699 963 1594 1195 1839 1950 1930 788 1017 1817 1797 597 1067 6 1619 274 1633 1617 66 652 1837 915 469 1772 777 208 1803 1612 935 76 881 1985 1390 826 1531 1229 1127 1461 368 143 1277 165 739 695 522 710 969 155 678 1386 806 866 653 1626 638 1429 1834 792 1392 1120 868 624 1105 257 1450 635 1837 576 447 205 719 75 369 1809 770 890 870 1738 1396 1547 1475 553 413 127 531 1402 1907 716 193 1299 1835 1412 274 1291 21 1723 278 209 299 724 413 1369 1151 1133 1177 1920 375 47 9 122 1945 1483 675 357 1962 1557 110 1868 272 655 1518 106 418 1792 1749 438 1514 26 999 164 1101 1411 1532 251 896 1061
170 1270 1107 530 1743 1051 365 769 1760 326 325 1869 545 596 523 63 1054 941 206 802 1730 71 1179 728 235 279 491 118 882 1386 1178 1403 1007 636 1933 1101 39 297 1870 1798 622 194 18 1166 1142 893 1580 195 185 137 1348 1914 208 526 994 794 1156 1836 1263 37 1573 441 1440 579 1428 1724 1679 1466 20 1900 1615 993 94 1633 510 1587 525 90 1781 1061 578 1128 974 785 5 319 1930 1160 154 1193 1549 1726 1985 988 656 1412 711 687 878 1082 586 492 74 1031 476 935 617 1352 1376 749 412 1954 1876 1738 1090 232 408 1372 1392 562 564 1292 639 900 279 1647 311 1341 333 1540 774 1270 384 1199 653 1211 133 1269 563 1509
18 1326 1814 245 1063 903 829 1471 274 572 384 1189 1863 1374 88 141 1020 751 1833 1704 642 958 1326 1377 156 1978 588 640 1246 1150 500 1615 827 313 212 1890 1568 1040 1712 193 1611 447 1382 1473 1820 1821 1965 840 923 149 895 1917 1106 220 1293 1613 197 1880 252 1795 1381 752 1761 208 1064 1972 449 983 1363 160 1176 1325 958 909 1149 777 729 1465 1616 4 1965 863 1920 1070 1082 1212 1034 1279 1444 1286 1073 824 389 833 1383 1804 1157 1831 787 519 342 1962 196 1299 870 1344 428 1950 1161 395 305 1125 1257 224 547 339 1788 1580 1617 1231 1217 689 406 1605 1873 1789 1409 1029 1971 195 1900 665 508 447 1963 1377 142 390 1678 1302
785 1983 427 393 558 1325 731 345 904 347 1575 121 1387 1981 77 1612 121 1485 640 91 1679 891 755 186 1337 1070 1914 1479 1811 1944 1132 947 278 1910 1340 835 1234 70 1180 490 769 1106 610 155 1438 686 1766 1558 523 758 1649 553 2000 755 739 1337 1824 1004 1167 1987 1299 650 933 1576 560 624 411 145 694 1942 634 1462 1047 1595 1968 485 281 1734 394 1155 843 394 1707 842 1149 797 530 1324 153 48 1310 1451 698 595 1027 1609 1218 1789 1753 263 1730 387 1724 1128 1981 44 1612 613 129 358 1767 971 751 1474 1812 1899 622 694 1575 774 741 884 225 1790 1830 1603 1398 1048 1391 1151 1662 1120 1889 1738 599 1869 1781 563 834 1909
920 600 879 1670 425 1042 1569 1047 1735 1495 1820 828 378 396 617 560 1998 15 1959 1388 1517 1620 859 1405 1357 1458 1273 1489 20 458 1397 1291 1058 627 960 1834 1669 880 1232 1755 374 1404 582 1104 1799 1199 1663 149 1565 1973 1888 1081 1592 747 485 1301 556 109 789 927 567 538 217 1976 1164 1528 161 1184 408 1393 1291 781 1148 1872 236 1298 1422 250 1446 986 222 1334 418 1814 432 902 1466 1339 1363 606 265 1929 1143 833 256 659 360 416 1842 1119 1808 1484 252 1307 1708 487 605 1129 737 50 467 958 1735 884 1123 518 138 940 1856 1500 1546 472 1780 688 1656 35 1346 16 450 1540 1486 610 1023 1737 1916 730 224 872 211 1312
1274 677 621 1008 1912 96 1878 49 1035 1733 1900 580 557 1679 1620 212 65 965 579 867 856 65 1828 231 153 1743 1312 728 967 1874 39 240 902 660 1599 814 1107 1476 1214 141 1561 1466 721 117 1496 692 680 1561 8 1611 427 864 27 254 1446 179 348 1109 907 1666 983 1297 1905 1884 308 1504 1049 1414 1331 615 1555 891 80 627 1359 1575 1318 391 1487 1325 1 265 540 27 870 1985 205 1218 1446 1463 883 428 760 1140 663 1067 995 1712 481 325 326 387 1568 757 1013 1278 331 682 1668 170 6 20 434 898 46 1304 882 603 873 327 65 107 1106 1176 1246 1769 243 592 1832 1075 917 157 1461 836 1265 825 113 1947 1506 133
116 1863 152 550 760 550 205 1994 1152 1077 672 1568 1535 1778 1096 781 1898 1338 1724 1729 764 640 237 224 1827 1501 1048 1940 1447 905 424 1915 767 575 816 1527 1476 1020 1520 627 448 543 547 1982 320 1642 1114 217 1331 838 297 94 1829 533 317 1656 385 1716 1947 1832 620 370 98 1738 1296 913 1264 772 284 1135 1750 731 1678 648 1064 349 641 530 918 1971 1367 1214 416 1547 99 1084 1554 483 799 1500 314 1770 221 763 1508 1869 1675 1123 992 1958 258 1093 1040 287 1741 104 987 733 633 1904 704 351 1470 1119 249 1568 555 1803 50 1353 1654 716 1475 1875 1478 1334 95 1153 456 1438 1462 1065 530 854 1703 622 1309 690 1355 293
593 410 643 62 1880 1243 1981 434 1045 31 139 699 746 1613 925 575 946 1019 79 1753 456 1541 818 1337 746 520 1959 54 1209 1313 346 154 74 1340 567 1953 582 548 387 1627 930 525 325 1675 489 1601 249 1786 971 328 1538 1778 220 707 1114 965 1579 1072 1018 1139 736 1715 1292 809 1054 211 1114 1635 1110 1500 1261 39 376 1937 65 864 1889 665 1001 859 1344 890 636 1915 1597 1750 1231 1175 1173 600 665 261 314 309 1421 1367 519 534 1002 1980 385 614 18 760 903 434 1975 791 1098 1327 2 794 217 637 708 1813 738 1939 1339 1911 890 3 523 1204 311 1943 570 1181 829 1923 1160 1213 889 1529 325 143 1962 651 933 1412
1978 934 205 194 1923 1264 358 660 1554 1696 922 444 50 1444 1999 713 1739 568 1893 567 843 1405 131 1731 933 455 1873 895 1458 1157 658 1435 443 1214 1628 717 829 337 1376 383 384 298 1178 433 93 1176 1497 1831 95 1742 749 937 1146 1232 1019 78 1686 1243 1324 1143 752 1981 929 1546 1194 908 262 23 1244 1989 757 1627 638 286 412 731 1813 260 913 1907 1 14 1196 1146 1245 566 1224 1282 1809 899 777 912 880 1705 457 425 613 718 799 208 1058 1907 187 1696 192 950 426 4 1209 1690 263 1210 1703 1810 707 1299 375 1930 581 535 1181 1357 1446 60 1413 1902 836 377 971 1635 585 29 1541 1123 1724 85 72 501 440 1632
542 1054 1193 597 863 1900 1895 1238 181 475 1772 1361 183 1218 1420 1596 1471 608 324 442 242 908 470 134 382 545 218 805 1045 1010 437 1586 63 1981 182 926 1880 429 163 61 1255 286 1421 1438 1855 1193 1385 1326 1800 1708 1767 393 968 588 526 1349 1132 1096 506 176 105 1294 113 519 1274 647 1444 1154 1075 1958 1566 681 596 1338 118 450 882 1854 1775 681 1562 1893 1425 529 480 303 229 1611 1750 734 138 206 379 603 724 1653 1249 168 1158 675 477 723 1355 1072 60 1825 1522 942 1678 1648 1974 1591 1541 1751 471 20 53 1052 1983 1802 137 472 359 516 1074 1082 168 674 1601 1325 1700 78 399 1407 1501 458 1583 1374 1751 1612
1022 77 1203 562 1827 1673 933 1879 1076 1267 32 1213 91 390 1728 1516 1823 247 542 1424 1571 241 1853 321 1999 1353 1130 1581 1079 881 1193 100 957 747 1013 1135 771 297 1013 1847 1916 1396 1059 6 137 1138 1521 1959 1384 62 1734 1306 655 1938 1626 653 1643 755 586 721 1987 130 820 943 1228 1832 429 1998 480 1793 1844 395 1188 1254 400 1676 391 273 1987 126 334 1720 1431 1340 1658 1056 345 1300 163 1282 20 149 1411 1191 1444 990 1374 1872 987 1853 1665 1183 248 1204 436 999 880 1179 1271 866 1304 1957 937 735 1648 594 142 1992 245 656 1625 616 805 1035 1806 600 376 1179 823 1363 1032 487 545 1631 43 1332 629 1274 862 252
491 166 560 1427 1252 559 373 1745 903 969 401 527 1585 1557 1914 1390 156 289 569 1330 1651 1952 1817 547 1582 211 231 562 1484 1092 1165 1974 1257 76 1752 860 635 124 605 1537 1445 1357 63 1029 913 1976 418 1420 265 1338 749 267 1289 917 814 1222 1479 1044 1784 1314 135 1300 1287 1744 1376 1391 603 362 1866 1559 1898 1310 915 312 338 179 288 1108 1598 904 445 699 1522 1734 1967 335 1307 1446 1730 1090 759 217 742 398 312 117 140 1266 830 5 825 727 1667 1739 1390 4 1918 29 1111 1867 932 1908 917 454 1641 1236 1140 1299 1033 1222 389 143 1790 1482 892 101 1950 1031 1366 779 1036 190 1857 702 281 1246 1057 550 1275 520
768 558 427 37 1363 419 1272 855 1717 656 428 457 798 217 1938 1690 317 1887 720 34 665 107 576 873 1160 856 119 569 1757 1745 1088 524 654 1514 912 17 284 535 1223 2000 1190 1650 457 1988 1866 394 1677 534 633 748 567 1649 1207 1494 522 718 349 992 1286 457 736 725 1333 1389 238 244 1757 521 779 979 873 1968 980 1329 1955 845 74 1983 1730 706 1083 297 707 641 1790 1228 1358 491 219 644 947 1306 1368 279 1046 1958 875 803 830 1653 133 1702 1620 1113 1382 1927 309 1456 261 39 513 1695 687 1219 335 828 446 1693 1318 1016 688 617 673 407 1247 1719 716 121 873 1546 125 1005 1599 97 469 981 375 778 436 635
816 1300 682 1502 519 1016 681 1316 1060 1999 684 1747 967 1356 506 565 1426 1221 1038 298 1118 1162 1655 1069 1610 475 49 1984 1252 836 619 419 135 1300 272 1005 667 953 321 1727 1303 1356 1825 621 1063 682 1185 489 1903 222 1138 1372 1736 792 440 1345 1619 840 1329 870 1675 299 1641 162 1950 1912 1166 616 864 1838 694 518 1193 871 1138 608 1552 323 1096 1806 896 233 1178 983 1377 1969 328 995 809 8 216 835 658 1856 996 959 1768 514 1574 983 703 620 1501 248 1490 638 855 1041 1312 1950 847 208 534 376 1542 1910 344 221 1256 1504 228 1472 339 1237 1679 1686 195 1446 199 121 781 902 1092 633 1149 581 1622 3 1973 934
304 819 1493 837 1546 1034 1099 1890 1255 706 1745 1834 177 83 1423 1856 1769 1969 1653 319 89 785 1220 1180 1417 720 112 1391 1074 85 324 1377 1255 168 566 801 1553 16 1042 807 721 786 993 1250 869 767 1105 989 735 1109 1307 824 246 879 355 14 1950 467 1404 1376 903 79 1104 157 246 1669 957 1799 1684 1998 957 757 784 301 6 4 1067 1462 1344 1802 922 1002 977 1167 1880 1683 1181 182 501 936 1557 1403 1367 660 1560 1612 681 516 1762 716 866 1071 1472 1649 1723 1477 4 790 938 1347 943 1860 348 271 1378 580 1953 910 1113 454 1846 669 208 1212 1680 1767 1175 360 635 1289 1428 1500 711 899 1500 433 728 1855 1574 1665
1201 868 1876 1900 1490 1254 831 1443 515 295 248 712 1315 455 275 995 574 1802 1706 1208 1090 1133 1059 152 384 558 936 1111 764 862 1127 1964 1729 1355 215 1571 960 1398 1013 1474 1692 1612 186 1007 418 460 353 991 261 58 550 1702 1543 1608 205 1926 517 1141 1388 1280 2 866 1595 82 220 162 1652 1179 1911 1016 653 1602 979 1190 960 1397 1 1312 739 262 1722 1641 315 1616 1600 520 1893 469 12 1280 100 365 145 47 798 717 208 450 1895 118 1817 899 71 1148 88 1383 896 89 694 1634 702 767 1274 1368 382 1226 239 274 1694 250 1905 1793 614 402 1839 1412 1118 46 213 1012 515 381 263 938 1528 350 320 775 790 1365
409 1843 484 34 1211 865 1259 1449 1491 952 51 1747 745 1016 148 583 779 1617 981 1343 981 1847 1724 1243 1136 1603 1944 1455 378 1086 1172 1138 928 1655 1523 490 871 782 1939 713 85 341 460 1181 1356 959 116 135 928 1448 1477 1908 1294 1552 1502 782 1507 1445 588 236 530 1759 1373 1810 1765 895 299 636 28 589 1700 465 929 159 1645 637 1470 112 1123 397 1559 951 656 1205 503 157 1986 361 1953 573 596 483 684 320 644 448 1566 942 1435 1946 1531 1135 410 811 1645 406 1447 1114 518 569 1862 76 1520 517 1632 374 1025 1617 734 978 542 1681 1812 1225 352 455 1672 1917 1396 1107 214 1278 593 623 89 237 1381 1535 1703 1898
104 1564 325 1975 433 309 348 1457 1925 1433 786 818 1465 597 42 1816 1403 66 84 799 1524 298 76 116 1272 164 352 652 51 54 901 506 1970 1578 480 754 1886 1179 210 162 963 1348 980 779 1944 1373 946 1347 1438 1029 497 1313 1678 924 1428 1302 1440 132 305 1490 185 1558 347 506 1135 1178 1259 1372 708 1821 1533 1670 1168 864 800 1463 589 1745 1161 378 1125 9 1691 1155 933 1118 456 724 1601 1112 213 1786 669 911 643 1803 88 1902 1526 795 74 1411 816 1241 626 1615 1055 1214 1711 568 1592 835 576 1634 1989 1508 751 796 231 704 1908 795 489 928 57 1483 1083 144 1736 608 1290 1809 18 105 1401 644 71 456 1857 1781
1023 1800 968 1950 1433 1308 1458 536 456 40 1239 715 1187 79 1642 1595 1913 724 1739 1649 1332 1380 1457 1701 1837 858 344 1907 1665 553 40 1039 704 1359 988 137 666 797 1024 1121 1189 614 1835 375 692 1829 321 604 552 411 252 1883 1791 61 1584 1627 918 279 1885 934 1183 276 1972 1887 1634 959 375 300 1756 1398 1772 944 11 1959 1670 1054 1787 1990 1657 338 401 261 573 543 673 508 169 1942 1138 405 875 321 681 846 207 314 1804 581 965 1559 330 1089 854 692 1047 523 1745 1185 513 1753 1874 1265 365 798 1807 1037 1305 327 978 795 731 1852 1115 1411 697 1673 77 853 605 1041 763 1286 129 1617 1977 1527 139 1721 711 1003
1473 937 267 1838 1734 425 1226 1391 751 204 185 1482 55 1299 1244 1104 1323 1320 308 1927 361 1070 1212 841 686 1540 720 1177 1260 1430 179 1084 718 798 921 452 1222 147 1842 1973 702 26 1806 1108 1676 1049 211 998 721 518 1276 1433 1940 839 273 625 378 992 1801 1637 774 1980 720 1491 1129 1993 294 350 491 135 674 1544 512 479 651 187 1880 862 1536 600 1731 811 32 1670 1 656 647 378 2000 447 366 1125 778 1438 967 1906 1782 1261 608 272 1747 1281 1815 259 112 817 445 343 1678 333 1294 1761 1143 1677 1782 1144 332 428 1873 683 1227 239 1807 356 28 774 614 1809 386 1221 432 132 853 598 742 1316 1414 1539 1658 1444
1871 951 1556 1365 627 1337 860 1311 117 733 1993 1695 1323 152 50 1350 1277 663 1510 1662 235 1941 145 1440 538 1239 755 303 777 765 1746 647 1715 1301 363 694 990 1223 4 1106 1955 348 800 1629 499 1201 978 127 216 487 140 450 779 637 241 1668 1875 996 1970 651 1760 1716 1649 1826 1368 11 519 357 1233 874 1462 1539 1574 613 1167 424 1814 496 551 381 1334 690 1182 112 1678 1423 1779 1552 418 1749 554 529 1816 202 706 1183 565 1577 1540 149 450 1353 1688 375 318 1206 799 483 1702 1349 863 1387 390 44 1499 68 1466 1277 1971 235 1377 525 1115 1192 1078 1821 727 1642 1749 266 143 198 1970 182 925 287 1387 1723 769 1440
1423 1631 827 1812 1675 677 231 1492 305 554 1727 1682 1078 1193 1225 155 1013 303 149 761 568 643 1311 890 824 587 1176 562 309 1945 2 1731 1927 1180 1894 1953 1856 477 1797 512 1030 1875 545 459 1067 1770 965 432 72 1465 1544 992 107 1206 1881 930 1792 1408 1492 100 1704 1845 182 1631 1376 76 1935 1583 904 1731 94 1933 1605 639 743 1024 760 1707 1455 1183 1172 998 174 1278 204 406 560 1995 1814 403 95 1869 599 276 1851 1974 703 1786 1908 1606 1868 1 1890 1825 991 632 848 102 339 302 1285 1862 1299 1810 1139 1854 568 1698 1849 733 100 295 601 698 922 452 1023 1977 237 930 1582 456 1283 1824 280 625 807 1127 727 1497
1780 363 1358 1431 172 497 1284 739 546 1484 1471 998 130 72 1695 1052 875 1070 1028 1111 351 961 1566 1633 1136 198 258 1943 1676 1336 1439 1456 1698 797 886 221 1645 521 960 190 357 782 1187 486 1205 1234 1889 79 655 916 1541 1005 229 1459 638 1364 1656 1247 1658 1331 934 1097 1138 631 245 375 851 1889 896 162 430 1604 1296 1969 89 500 1554 1978 931 208 1245 471 1212 1473 1929 1849 1189 1936 1447 1198 1619 380 646 756 1362 890 1131 565 1130 378 1078 1912 1981 373 1880 421 1225 1433 398 155 1992 1643 977 1203 1467 906 1404 1007 1193 850 205 811 1582 850 1919 1295 92 1049 1859 1573 1778 1289 1484 110 1661 1715 530 1237 1499 928
1743 1490 922 720 1045 388 1977 448 1747 1169 1649 1951 332 1582 1152 250 877 1595 1298 1087 1168 1427 375 1003 1536 388 718 65 1624 568 1344 1367 410 265 438 1454 1005 414 1901 751 1934 1901 1053 265 1483 204 514 359 151 1811 1797 1318 1589 172 672 1124 911 1389 1189 534 309 532 252 718 1149 1041 523 153 1454 775 1255 1388 675 307 1652 157 862 166 867 1012 328 664 681 1917 1187 1353 1392 97 1093 932 630 1401 1464 1234 470 964 274 992 1116 80 1766 370 1467 441 676 1470 949 1889 1987 168 901 315 831 1581 583 17 933 326 113 26 1258 1094 1778 1073 679 248 36 953 1591 1503 1032 1357 1872 850 149 899 671 1449 1139 658
1616 39 1324 446 1972 258 814 1256 583 926 1281 1840 372 1411 1264 1050 1658 1651 354 1248 1153 1737 956 1376 938 1104 626 1609 553 1765 266 520 155 1589 1318 126 1846 131 1734 780 1409 1014 972 132 776 235 1181 433 1886 1535 33 1390 1623 988 766 561 444 1743 169 1348 1507 434 1867 14 374 1184 491 219 1667 224 998 1075 1590 321 1206 365 556 738 1150 793 624 1182 182 247 169 1299 1159 612 1042 1327 311 900 112 178 1265 485 1713 1756 1055 1379 331 404 805 272 725 362 637 1280 1100 138 424 75 1319 605 321 1839 256 1831 803 1649 1157 1113 548 1268 1642 165 1752 1355 1920 806 733 602 1562 1890 874 286 251 1510 1917 1702
1999 340 1777 1317 1296 449 1507 1551 280 309 1199 1436 1774 99 1056 1415 263 1159 769 534 317 1854 1135 1878 1743 360 163 1993 1869 79 1695 219 418 1471 1535 1713 271 1042 1616 550 1702 1166 338 1475 1264 1393 890 1878 551 1658 411 867 1863 1898 744 1605 257 906 1598 478 1336 1644 696 1753 1114 583 1818 1736 1976 1433 286 1677 598 975 1504 214 367 393 91 1269 402 854 136 265 1103 1231 221 1711 489 1818 188 1824 1461 1236 1929 926 170 1746 662 145 1530 1299 173 127 273 1676 692 991 420 783 259 822 1988 746 1438 1090 1977 1658 1152 465 1828 1692 640 1640 927 568 566 1448 665 1579 1592 194 1229 116 673 1501 1792 1364 843 211
146 1101 1384 485 1847 1173 1926 1823 1183 1078 639 1010 769 1630 1001 47 198 1566 1494 1214 1496 1437 1408 724 1552 80 576 1695 1443 1418 258 1941 519 1993 777 717 1518 703 891 700 1780 1881 61 548 1510 1061 946 59 979 439 1273 474 1875 680 1550 1778 1111 477 1473 905 1895 82 1197 765 74 1974 1833 1591 676 723 290 807 603 702 1706 112 1763 651 523 741 1089 1795 1566 1315 826 1467 1092 288 1944 916 1192 190 997 741 1306 1071 714 1138 1013 1741 212 1655 899 814 356 604 1277 470 1254 1799 1562 694 1945 1128 360 770 594 1803 1057 889 719 601 1078 67 1341 735 1489 406 1872 502 146 83 156 1396 1248 511 1999 877 1333 1604
675 894 649 620 21 1008 1741 967 810 798 207 1880 1750 1637 1947 1090 371 1435 1847 595 288 344 1029 443 1739 277 1306 1737 1153 638 1692 179 1531 692 1150 1904 1699 891 1222 860 40 1428 1092 1789 1064 1390 1230 1787 824 1076 381 1464 1419 1409 1906 1157 37 1563 1245 1541 552 1288 72 435 1979 1221 690 29 111 263 1240 502 1690 331 290 1106 72 1871 1244 896 946 1624 711 716 1384 968 1872 1773 531 1468 1313 1434 755 1384 220 1085 957 909 1465 1419 1171 705 1921 1213 1387 562 670 1459 433 1913 706 1730 1888 1416 446 1271 383 669 1395 1265 137 708 1051 1243 443 1270 680 1399 531 144 818 1701 1200 1090 1265 587 1651 1934 397 83
1846 1102 1813 85 869 610 1356 1603 1278 1102 868 1766 1809 270 1361 604 1539 40 354 69 183 1523 122 1383 612 1386 321 615 1320 717 697 1517 170 861 1602 1038 1470 1309 640 1100 762 1859 865 571 128 577 1526 19 616 231 439 1151 1754 560 885 717 1946 1205 1331 1617 273 380 1485 442 1240 1438 1479 1062 1098 470 513 1860 329 1729 782 808 306 659 1178 921 889 1617 71 994 176 1307 1711 473 511 1393 441 783 1772 278 1576 1012 67 1406 425 1165 1876 1289 1376 556 1017 509 1715 1322 1167 893 595 407 509 665 1401 1036 324 1463 1509 834 855 301 1969 627 578 1544 1990 645 950 414 161 1177 54 1888 1732 1070 396 1446 392 1562
690 986 1968 1198 2 1720 234 325 1182 94 1511 37 746 1479 663 1324 1374 1004 320 675 1417 832 1851 1470 719 1934 891 1114 1732 1282 1027 421 619 1346 1971 973 1066 556 1297 599 1001 807 987 1746 637 1649 1421 363 652 1740 1389 420 923 1592 241 1641 1525 1484 1106 1608 765 484 381 1736 1830 351 708 1247 1258 4 197 258 1163 1184 3 151 1184 1776 865 1836 1867 254 607 790 1845 1200 782 1721 683 1888 1681 1799 371 61 1886 552 763 593 150 20 949 347 629 463 1530 983 613 713 758 1830 900 625 83 1859 1414 279 1410 195 1999 92 434 1679 242 1157 91 128 1708 853 1072 210 1224 372 556 204 834 437 1187 1799 1149 1944
1628 401 920 62 611 685 340 20 1232 690 463 1665 721 704 821 811 1183 881 16 607 1442 1591 978 1997 1795 1812 433 1333 1962 1933 1628 1589 685 548 2 1295 1232 341 1314 463 1030 1776 480 1750 832 1652 913 366 884 928 972 325 870 302 321 664 465 1105 1996 426 1390 1624 366 426 523 367 1721 106 707 1386 569 88 1514 1400 190 697 1051 1102 1062 1935 381 386 259 1250 1039 932 266 1503 388 613 1928 129 588 293 555 1110 659 627 1216 1717 12 136 1804 1525 1535 345 221 937 1446 1635 871 178 372 1482 1780 1410 765 397 1264 1152 1009 1191 1281 1949 1835 187 1058 845 813 625 913 824 1112 1068 701 998 1413 1273 1935 858
1259 1157 1388 1630 990 1167 1391 1754 1563 654 906 923 196 538 871 382 724 281 1226 1536 905 490 711 369 1558 1411 1718 970 1036 1652 179 294 1161 1566 276 150 1084 1666 1904 646 672 1161 1569 1219 50 439 1601 1125 719 1178 660 1976 1668 1722 696 1225 1485 413 546 520 417 724 1165 1577 642 1440 78 1725 1458 333 371 481 1493 291 1699 1894 1081 1651 1018 152 1181 29 479 848 1751 1174 424 1587 1938 969 458 354 44 1622 282 685 1414 360 762 871 1044 1132 1703 537 1774 1401 782 1206 1404 1800 1709 584 1828 187 1783 1930 1712 206 1868 2 1526 325 355 1921 1947 989 958 1360 1700 1719 582 743 1202 284 1631 1327 36 413 532 1791
564 241 374 743 779 508 673 843 713 540 844 590 1217 1550 863 1515 538 1820 874 589 1538 1807 1332 1091 442 962 417 829 1726 948 620 289 1540 1345 1032 671 1853 56 1513 917 947 356 1859 163 257 721 1677 1147 892 902 1735 781 1060 1066 1871 1501 380 287 330 105 1586 1301 746 1126 997 1777 148 849 184 1660 118 1130 367 1976 1293 623 696 1321 1769 1939 575 1504 719 1634 921 589 1135 1300 1227 1816 1405 812 1468 502 289 464 278 436 1665 461 95 1782 1942 813 1757 1586 1436 804 907 1556 742 1481 1059 1460 1114 332 400 600 1631 1626 767 1387 437 586 1888 726 1050 517 1513 714 977 1960 495 919 772 603 504 559 1406 1762
115 147 1594 1525 1958 1060 1856 357 11 1487 1982 778 1225 770 1363 1113 1847 764 1629 1360 1829 958 1319 323 228 442 1277 1083 1001 682 845 1115 1180 790 991 1489 1849 847 1845 1860 685 178 989 1909 948 703 1373 794 1467 1002 505 1295 311 175 1970 890 617 1598 1972 1969 280 1168 1435 1811 1958 425 1300 158 1271 1496 17 1955 1674 1357 216 973 60 1588 118 1878 941 623 1172 1251 797 1493 140 1765 1443 464 1733 1722 1631 1167 1884 1940 1592 1535 98 1214 1031 466 1521 1056 1823 1736 28 1882 1323 145 111 616 1119 1634 218 1916 1127 710 32 569 1173 1765 642 1155 1283 877 1095 874 412 1544 440 1794 9 1960 849 183 1695 1228 416 1369
1724 526 1984 843 160 554 1110 1638 1263 1141 558 435 905 1199 1589 188 427 1035 1413 838 930 1852 631 1291 163 1831 1473 209 1058 1889 1930 782 766 265 1624 925 818 733 562 80 225 1119 514 1482 669 455 1669 1448 1841 1433 285 771 1637 1268 61 1799 1098 1885 360 156 1773 289 1289 891 553 912 1815 1371 1996 729 1450 572 199 316 53 1220 770 73 667 962 1506 1303 1732 1494 570 144 1644 1668 29 3 175 153 291 1463 1043 844 726 858 566 1073 1938 15 1644 136 330 1697 1707 1451 1769 373 413 1626 1676 144 1119 597 640 763 616 668 765 790 820 1056 604 1863 251 1329 1072 816 753 1009 1182 397 1496 1512 93 1203 1314 213
1575 1726 1839 1602 222 957 199 861 1719 1166 1528 836 1956 699 243 911 561 493 592 1632 1660 1344 992 841 92 488 704 536 1690 18 749 1616 1743 587 1218 316 1895 1768 1176 1966 1285 1055 801 1240 1754 1043 503 314 1887 1094 298 1546 789 1289 386 881 1776 1090 1416 1817 1459 164 1433 1201 1102 1002 1517 997 1121 1044 962 405 99 114 1997 204 1156 499 869 1394 1944 1166 939 732 807 1676 1964 582 1117 1380 399 575 1895 183 128 1349 1184 1996 345 304 1039 1658 1060 1489 123 1056 1692 1630 1906 913 1023 1849 78 313 933 884 1988 896 1818 1457 627 568 31 522 750 510 222 285 505 566 940 1544 575 1999 1384 697 1055 1428 326 960
340 1700 1161 769 12 93 1653 1999 988 1470 1455 1967 389 1838 840 1138 347 1061 1774 852 1978 713 747 552 711 482 1600 117 1909 277 1429 600 1976 589 1369 1987 1033 1021 337 372 842 144 338 1230 1981 1177 719 679 237 492 1882 214 1204 980 1117 266 1462 716 735 1722 1344 163 322 1319 1103 42 1305 135 1414 1642 506 255 1785 1196 1836 117 372 906 1147 961 1397 1029 1174 952 8 643 1569 1821 1358 303 1543 702 817 216 372 271 257 29 405 1670 22 1263 276 158 458 463 274 1181 1368 1420 141 1116 800 1315 419 808 1957 1987 628 1666 642 522 719 1810 1089 1091 81 1345 1471 837 1366 1492 99 1993 1649 908 455 1922 89 174
1693 229 1641 493 1895 59 1652 203 398 631 221 1391 1153 939 1200 593 381 1632 1938 1851 469 1655 1342 567 2000 990 1827 454 1263 1915 980 1308 495 620 152 390 1031 1803 592 1780 785 812 1170 289 103 721 882 835 353 1171 686 1173 825 379 91 824 1721 1917 1630 1335 1831 961 642 326 1932 1145 1067 962 947 10 1093 84 822 614 372 1276 1335 1253 110 39 423 1147 1563 1600 1526 1653 423 1246 1570 404 932 1752 1364 1574 429 1296 718 1495 609 17 1505 1702 100 678 315 823 1953 1 76 414 391 498 1561 1953 449 1086 1958 872 683 1527 1275 1614 1278 991 1539 59 286 609 1553 1246 625 1409 947 1076 86 1614 250 390 1966 325
1156 709 1175 716 1013 1623 153 970 846 835 496 473 800 126 1463 339 536 100 947 88 1345 1923 1849 644 1350 286 609 1599 1028 574 276 183 1634 1450 898 647 1424 1050 1968 270 236 464 1094 1035 941 556 1725 1476 1007 1023 1915 351 1297 1763 1346 646 401 1954 597 1428 880 872 1610 513 673 859 1511 448 1908 1479 1069 495 294 162 1529 1586 1069 1606 1061 75 628 1327 778 1925 1442 123 922 1842 77 1870 1621 1308 1093 1230 1820 117 88 1683 565 347 1161 1633 841 1454 147 721 1039 1215 326 451 1290 1306 129 67 1582 1922 189 855 1763 617 725 1735 276 1817 964 96 286 1403 130 850 1749 1290 834 941 1095 980 1662 485 195 339
1287 1484 1996 1767 1902 1577 1689 442 432 1803 1411 1508 1538 1686 1676 853 1781 1961 256 262 1162 356 1551 1996 1649 997 975 1662 1833 1521 2000 1119 1356 348 886 1257 1924 926 51 707 728 1461 214 265 1146 242 1118 927 202 1725 1540 1364 432 1443 1359 80 439 685 1741 624 558 93 94 1913 440 979 1522 715 1904 1572 1774 984 1032 1987 1248 177 228 717 1455 782 441 995 145 1225 437 1855 1304 1227 891 1397 1850 1800 1841 1944 65 632 1274 1586 1698 1530 1509 1471 513 892 1810 112 1068 389 829 875 1170 1621 221 1666 1197 1009 1872 501 235 763 249 437 914 89 732 978 1072 357 915 769 1886 423 240 750 1314 401 1214 734 789 394
1960 1959 14 180 1976 1563 1188 1848 63 1774 962 663 562 1875 1103 1293 853 174 1650 1767 1294 1887 542 1885 989 207 285 202 940 1074 595 1251 1384 960 1430 1359 522 969 1206 936 1095 167 1950 8 42 1052 1301 1246 1577 1302 1364 871 1540 1905 1107 528 112 1392 1081 1403 465 1675 654 200 635 83 1558 1508 1404 764 444 498 1282 393 505 1675 1797 157 920 1373 1810 284 595 1702 188 1702 229 651 1445 1310 54 261 1336 707 460 322 789 369 1830 544 1132 625 1393 766 1369 250 440 1517 758 1712 1242 568 1995 1836 269 534 1889 849 1185 1685 510 1238 1945 198 296 404 519 1436 1125 700 1980 256 1676 1372 1373 1397 1621 165 913 379
1876 154 1298 222 342 1918 755 582 1118 291 267 1628 1880 563 177 175 1319 695 1611 443 1747 1590 1050 1422 1313 423 818 1286 587 83 16 462 236 1313 1035 929 1582 1789 1511 699 432 129 678 311 691 854 838 9 1901 448 451 1647 389 1501 1068 53 275 238 1338 1213 320 1705 1674 907 1369 1060 1836 950 848 1698 1 1631 178 678 1942 868 1884 1131 1229 1784 1930 31 1782 670 1883 1201 722 509 1438 412 1721 109 116 1746 1016 1485 805 1203 434 1653 1252 786 1635 1429 1816 1928 648 1699 1058 1876 1834 987 259 1967 1656 141 1167 730 1002 605 1141 722 1065 1256 468 80 740 1272 1282 1526 1276 533 663 911 313 478 838 961 528 248
1188 713 1234 1446 679 1242 1939 1846 1971 940 802 1111 1661 1866 718 480 1946 1810 1752 1579 1687 1379 464 349 289 776 827 1479 88 1706 1726 1276 419 1311 721 1097 552 1011 942 874 302 1743 1984 315 1609 702 794 1906 511 897 1484 197 276 1947 897 916 1075 75 746 1162 1781 471 789 199 134 1510 1295 685 872 237 1911 1174 331 1894 1488 1939 947 633 1844 1809 1530 1680 5 157 1978 1254 1072 1052 1328 170 566 1108 992 1354 1306 1125 1215 953 162 439 1541 72 1612 1871 1965 1451 162 1264 435 357 1072 1964 36 1429 472 14 682 1544 1417 9 65 334 1117 1056 40 774 181 1254 1726 342 1692 1266 765 1655 1489 1081 1457 1650 344 1892
358 1416 207 394 844 679 759 1877 574 527 1885 638 861 1353 1693 900 127 225 505 204 918 549 1822 1682 203 1310 763 12 1311 1458 1903 1668 1225 461 413 68 1139 1523 1944 1712 50 181 701 910 1533 746 161 11 970 1017 215 1888 1565 36 1921 120 1697 1035 131 1359 493 385 1378 1717 1197 1791 137 336 1665 432 399 1714 612 1452 975 497 197 1487 507 1166 504 1073 1405 68 1108 1326 539 1156 360 1021 514 1204 1405 244 921 602 386 1057 1289 50 1840 39 1764 804 1490 738 1300 1686 225 158 1204 1080 1231 608 1147 690 285 38 1846 997 1058 711 200 815 954 1120 1416 1339 528 1056 1389 720 1094 1504 1523 936 241 822 621 817
1331 176 248 561 1136 1395 1251 1772 1784 1448 768 841 158 968 1655 1464 439 1422 802 1319 477 542 38 1923 45 1560 858 638 733 1830 1806 63 358 54 624 1493 1800 226 1264 1583 1673 32 423 182 1351 78 1645 1789 1499 799 1107 328 1340 1496 250 1737 1055 1459 374 139 1288 531 202 1645 584 1177 1489 735 1402 753 317 1426 1136 1092 1607 486 1169 1252 626 1019 402 85 1346 93 1580 1947 1829 987 1405 554 1125 1045 1085 1678 1041 20 854 882 755 607 1634 1423 32 1121 514 1639 1958 34 1242 583 1053 1643 1019 750 1735 951 1049 1916 1937 805 469 1413 201 1905 1091 1594 277 296 475 1031 903 108 805 934 1580 1319 572 1537 1352 165
471 756 159 1490 1858 246 440 906 161 728 62 981 492 263 1238 1934 1856 1514 230 330 544 1132 789 1348 417 720 1018 1341 256 722 1505 726 1477 1664 567 1686 261 1358 943 421 437 1005 1753 929 1619 990 862 1826 503 1091 507 1398 574 1647 1098 991 366 115 331 973 836 187 50 665 202 617 702 462 326 1645 1234 763 1001 987 1691 619 328 552 796 831 1995 1654 580 568 1300 1677 1910 17 1792 592 989 979 779 1038 1995 1332 6 697 1794 332 341 1379 1446 1693 365 1136 663 1045 39 1458 1875 385 1111 454 1305 762 483 1214 778 626 158 118 1604 936 1507 1951 619 1513 647 412 196 1339 143 1641 1383 507 1128 45 1903 1518
1854 1777 1903 964 583 1207 77 1065 772 1206 1690 929 1323 1645 216 829 1595 835 693 593 1598 1240 283 1740 1232 1665 599 359 1709 501 229 1562 630 131 877 1212 1689 1305 628 460 510 669 1741 1832 313 1956 1013 260 1142 57 1204 740 1297 1487 831 528 1503 1429 1239 1212 282 1819 1125 911 1949 354 474 1989 1658 1453 448 168 121 540 351 785 848 1715 1044 1989 1772 248 1080 1420 86 1911 299 1588 1691 1889 1151 324 1707 276 1234 1655 629 59 1643 638 1511 443 1157 1631 982 1508 416 1829 1574 1811 170 1345 410 1601 1116 495 1863 1415 83 1554 1303 1233 229 1010 1860 1815 1016 840 1873 1011 1478 1736 1805 634 1366 1138 493 133 1319 67
296 1488 1763 705 1088 879 1200 951 645 1634 856 1947 866 1084 1308 726 898 676 1565 1123 1686 1394 858 1842 28 575 979 872 1060 297 938 1355 136 1053 59 1576 1931 1610 526 575 1243 1733 873 461 1168 181 1538 418 1208 1454 1540 1245 848 749 1086 1227 1323 64 450 382 713 1388 88 848 440 499 423 722 460 1300 1648 55 1384 520 515 552 1052 404 1321 259 1857 860 1503 1056 1960 588 634 1282 1004 1084 16 1716 823 103 915 1262 953 1690 335 1413 1341 1982 1467 1077 501 333 1980 1905 736 1300 163 944 511 18 2000 470 957 633 103 312 68 118 379 890 573 1294 503 1877 1335 837 1289 1027 1170 1107 103 1671 1439 82 1927 174
1381 89 1118 1891 458 1469 712 1415 453 815 1726 521 1284 457 1410 1856 1750 265 1733 1436 1101 1373 462 271 480 565 293 270 646 219 444 379 659 1913 269 1117 1381 1333 883 1833 147 960 705 1430 1416 467 1638 1517 731 1722 952 1831 1094 1766 453 1925 330 1097 195 1327 1315 990 1705 326 902 1974 1794 634 1306 1028 818 1804 1987 1523 1233 1755 1989 1222 1271 1071 943 575 901 389 340 1706 665 1021 802 859 347 469 200 52 794 1453 377 939 86 1682 1966 1256 1837 1952 1130 1421 58 1470 643 1329 540 1937 255 1792 325 946 1497 1342 1966 651 552 312 1471 752 363 264 204 739 1554 642 772 1519 249 608 1822 1378 29 1880 847 1023
1560 1738 959 1814 1529 1636 759 1378 1329 724 380 1880 1387 1850 631 1750 465 1187 840 18 1828 1612 1536 428 571 1357 1805 951 1588 1003 1973 1147 740 1284 960 620 1271 70 349 599 1145 728 478 532 577 1461 633 1393 647 1472 1410 826 1083 1297 1253 6 1006 1409 956 593 411 1281 1740 1502 916 1051 473 186 1121 822 1136 617 1549 1965 1148 478 1425 132 222 423 1604 1984 1600 1038 1280 1204 1043 285 612 351 1230 1374 1631 969 1227 546 371 1700 1083 1491 521 218 460 421 534 1959 1250 311 91 1472 733 46 1455 685 1083 1086 240 478 1371 1204 828 952 577 810 1920 156 1707 290 1855 789 133 727 1358 592 1147 1891 902 397 201 992
220 1286 1037 1674 322 472 759 561 949 481 1764 128 1432 693 937 1703 848 643 345 702 1783 829 1428 1492 1772 926 1382 673 1674 1935 1665 1893 1572 1053 1918 1893 1524 1029 805 472 1509 569 951 1293 1261 1887 1347 460 881 43 1513 1015 871 940 506 994 217 240 1667 1891 174 1683 1783 97 1087 1701 1989 611 729 793 1434 589 1713 385 233 1325 271 1932 1784 1504 1974 1296 518 1197 587 1376 190 804 1615 208 1046 1788 242 828 236 1329 880 224 1939 1960 1368 1372 901 1433 108 1133 757 379 1416 893 234 1390 540 1103 586 1127 478 1127 282 92 1687 1327 231 280 506 466 1608 1738 1041 1898 1697 761 1622 949 193 1729 434 1301 459 1849
193 1044 1238 733 147 175 211 624 1654 844 1068 1340 170 1650 1971 1027 116 1579 764 1508 1828 813 268 1449 1761 812 1530 194 113 340 43 305 1384 1632 1389 1530 1807 1951 505 1812 794 1924 1503 1315 1574 1473 342 41 1403 1457 1548 1231 269 1816 1031 30 627 912 575 1091 1252 969 1748 987 601 1136 868 759 1439 1372 570 232 1648 424 1547 1221 1896 240 1261 1299 1696 1160 881 1965 975 263 346 1954 1175 1272 1396 778 241 1143 1764 1193 631 631 1951 69 354 872 652 1 1647 198 1573 1542 789 1185 1192 485 345 424 801 1671 687 1498 1976 213 769 1372 990 1361 514 753 553 1144 1735 855 1564 88 78 216 441 1724 765 13 1618 1554
1198 809 390 1542 1585 1190 1212 271 687 1188 835 1807 559 1824 1168 1424 928 1720 920 662 575 835 1101 652 1050 1541 376 167 1554 1993 1720 1103 1153 461 644 1089 1650 207 1711 688 1746 545 494 304 720 1661 80 1647 1381 999 660 307 185 1761 1310 1235 1301 37 1401 1206 381 1472 308 1534 284 1303 974 1933 1510 685 972 1255 1229 1465 1911 1949 1478 1990 1947 1210 1340 607 1516 1524 719 825 1110 371 862 862 1577 1242 685 236 1127 968 1539 101 1252 1048 1137 223 654 365 40 564 665 1517 905 964 726 596 1570 593 472 640 1417 1933 1010 630 795 586 224 1831 1174 1702 799 712 154 402 111 1290 625 764 7 1016 1680 671 532 584
1634 1609 1532 1555 201 3 194 1969 287 1204 951 1081 141 1526 1264 1314 1227 414 377 1381 815 487 1022 1791 1251 1028 806 930 51 1689 1865 1684 1649 1748 1591 201 102 1784 522 389 1339 1472 1821 1832 1349 1084 1497 927 1497 1874 307 664 360 1681 454 1962 708 1612 1243 758 1652 1108 794 1301 1207 384 1501 1309 519 374 1697 210 197 1517 41 1545 953 1537 472 449 1762 1130 1112 122 810 1918 435 1870 1529 1678 979 1180 1137 1772 832 343 507 685 1651 1378 1058 1347 1587 1255 1216 1979 799 168 1867 1622 968 1629 752 432 102 1913 349 536 1782 229 565 761 1760 1701 884 592 396 1391 1628 46 1120 685 1745 706 1939 1312 1036 1090 1831 902
711 798 530 1814 1229 983 1727 1929 1871 1860 509 435 972 621 488 1856 1212 1235 1598 839 1280 717 1875 1376 1774 166 1039 809 1255 869 1710 317 1667 592 131 1247 1926 209 1528 1796 68 388 583 1040 1008 1422 1247 571 656 844 1761 287 1912 1636 15 1685 1801 1053 493 1407 1922 554 1723 1940 1497 205 1538 1423 765 1417 1570 1185 1805 152 576 812 1925 1822 1383 580 1017 1143 867 928 1130 881 964 930 285 1808 688 206 361 763 497 210 967 35 1632 84 1451 1553 1268 1607 57 195 419 1981 368 153 561 1384 1647 1779 663 777 659 1626 58 1295 1785 746 1501 497 1508 349 706 826 383 689 909 186 242 528 1792 298 722 562 278 1441
1066 1190 824 713 968 1838 1489 1978 1815 1546 1273 1599 291 1125 96 1798 1473 1153 624 208 1842 1884 745 435 764 888 732 1837 1802 1361 1278 867 551 101 1579 1870 291 1067 1848 105 965 1120 1704 1255 596 151 1405 68 1303 380 627 1144 263 1723 1578 1026 611 661 863 412 374 140 1278 1276 592 857 1145 882 275 992 987 1239 463 1042 846 1058 1192 250 1478 494 629 456 1990 1243 179 1919 621 1141 932 1483 1552 1305 1974 1181 580 917 37 1724 151 664 1068 1489 1902 1530 530 747 940 73 1348 769 566 328 1576 907 1571 1754 826 191 894 1757 25 797 1061 350 1978 1992 1266 366 1715 1416 1381 1134 904 1283 1016 1785 381 307 1857 81
1075 775 408 1002 1681 330 756 506 520 1 614 544 1150 26 1245 1479 17 511 1844 84 278 1225 1217 1534 859 584 1318 1591 890 1527 1671 1964 301 431 966 333 760 73 1191 1280 425 1804 175 1574 1830 1772 1052 198 282 1248 633 559 824 1850 92 34 785 1762 1624 1675 1288 1647 1990 1940 77 955 272 1188 1379 1462 819 156 1618 1346 81 1799 1117 1485 1996 1398 732 981 308 1907 1182 752 1940 1966 865 1915 1640 152 1561 1630 443 1989 936 714 1529 315 528 347 822 145 1692 902 295 1160 386 642 909 1469 1622 1217 1375 803 320 1666 769 1184 1581 408 1687 1141 37 129 1482 973 1194 1010 1639 1721 1356 812 217 1400 1713 863 559 451
1505 1820 1919 1126 1388 1646 1929 1707 1311 697 890 891 1456 928 384 1845 1056 217 1169 601 1226 807 322 933 1970 890 684 34 1753 1595 484 1257 1414 755 734 801 752 662 507 62 1710 1748 1305 1166 675 40 1010 82 256 178 682 1481 1336 1355 765 1657 597 1449 1690 349 1043 174 1957 456 1280 690 1608 31 1704 114 444 1413 213 100 930 1239 139 291 1320 394 820 353 226 507 60 991 163 656 439 1853 1356 1833 378 1312 640 1657 353 247 39 56 712 482 1821 924 582 1102 162 720 1745 1833 1466 564 537 43 1071 596 1033 1585 1251 1823 1789 958 7 166 269 646 174 974 892 212 1029 1603 694 1201 878 1627 303 1391 698 399
1575 163 962 112 558 384 1059 1590 321 662 1765 109 1619 1771 275 1888 769 800 1213 12 1012 241 1615 57 1794 844 35 448 235 732 846 1809 1247 159 1920 1804 543 1331 1745 863 1992 1509 1323 1610 1632 1949 1849 400 749 1061 763 112 1654 377 168 1447 1221 202 246 1807 1285 1091 1615 531 1249 1887 686 143 1217 431 1357 1560 291 680 1169 1922 628 1018 673 1376 430 1436 1487 83 164 6 1881 1736 559 126 1894 1844 1568 1509 726 817 1747 1412 1311 1315 1842 668 874 484 1347 394 758 1974 1411 1782 1702 193 1569 1188 275 1733 1546 156 1820 104 633 1714 299 201 1574 1025 1369 1672 788 679 986 981 1698 211 1464 1044 604 221 1370 367
3 1071 559 1571 610 1185 1655 155 1340 1475 611 325 1540 909 525 1465 285 245 1136 1072 1275 473 52 973 1035 1516 16 1990 88 1737 356 90 807 1266 13 1417 451 1667 1923 1790 1493 533 466 1384 1794 990 848 430 1586 335 1502 861 1159 1905 1833 545 1772 1848 535 1860 1937 890 301 743 156 313 511 606 332 786 747 1824 1670 1213 1560 1463 554 759 1893 140 1094 1746 1000 604 2 1184 1149 1774 1383 1683 1985 1319 924 637 62 1431 1302 924 388 1633 1709 1135 1808 1379 699 1367 1193 1604 126 1437 95 1571 1182 1446 526 1184 629 1674 1309 12 1708 1645 1330 632 281 1391 414 1582 315 802 1566 375 288 1726 1753 1338 1092 946 941 1569
382 1036 1491 1916 481 17 1451 1110 1690 1111 1121 1750 755 802 733 1387 193 1146 969 859 299 886 1585 586 611 1338 1923 55 635 1216 1975 1016 603 1466 1283 1435 1482 733 544 1523 1843 16 1624 949 1170 356 336 1714 1854 1656 572 152 541 508 738 1504 1845 1012 1558 479 227 1532 1847 1181 1349 1129 616 1182 214 1511 705 408 1527 680 1357 1048 1036 1692 761 889 1347 1684 1392 239 191 129 1742 36 1493 1299 866 71 1183 1064 1252 531 545 1867 1713 758 1377 769 1165 1255 1448 873 302 835 564 1062 75 262 745 1467 501 936 1595 242 1323 1439 1541 188 1510 1075 1604 761 1605 148 627 1317 1257 3 437 421 1610 1885 1294 1911 719 209
973 794 471 69 260 971 1004 206 1564 326 1997 1456 866 1506 530 469 266 135 968 1244 1803 224 1598 240 996 1207 476 641 1118 1546 850 442 691 1672 510 1302 642 1866 1860 205 543 1856 13 1408 1361 542 228 1978 1028 1195 1573 1183 1770 1170 1422 766 729 249 1406 198 146 607 639 837 278 1500 138 919 1365 349 1476 1908 204 1840 1667 1564 381 247 1893 1761 1441 1465 943 1563 987 716 328 1715 964 85 1912 1109 692 902 297 969 401 435 240 118 783 67 377 1339 1906 43 1254 638 289 1147 398 82 963 1340 1644 1949 55 323 1663 1370 759 1926 479 1450 827 775 771 1580 1561 1010 1697 696 1428 73 386 1685 467 1639 322 756
1137 720 1189 100 59 1184 48 466 1506 63 1835 616 1988 665 66 815 1440 836 394 1352 197 442 399 1976 866 784 1660 1332 775 1981 439 1911 1052 1627 10 1463 810 410 1928 667 824 114 1283 811 779 1700 1977 570 887 722 273 1435 1515 672 1410 380 1807 1421 1712 581 1401 150 492 805 129 853 267 938 1262 546 1957 85 659 1591 1248 1789 1290 1576 358 528 650 631 1962 164 1302 1723 544 1460 1143 255 41 895 756 532 1699 884 1384 317 174 998 1214 130 1434 225 72 681 13 1713 609 371 240 1258 1001 553 1421 654 275 316 113 1417 570 505 663 1678 1036 714 561 772 1030 734 1769 244 1215 1554 820 1638 235 832 1350 1195
1202 1941 452 554 493 224 1559 767 540 24 535 1461 528 1198 1490 1916 1911 51 687 1292 1136 807 1887 703 360 706 340 946 1538 1690 140 1091 1630 943 1997 475 1519 1555 1241 410 1930 128 1870 458 1677 1360 725 1939 1762 1411 1230 1249 569 1469 1951 928 174 291 1874 63 332 365 1154 313 1660 1502 787 1178 1408 380 1587 1338 859 1808 147 535 1519 871 473 1632 633 54 881 1201 1522 831 128 1696 1473 353 1758 1804 1070 1263 469 729 764 1255 258 172 1986 196 1861 844 3 7 1730 1874 1229 202 1505 1861 256 385 1061 1777 1216 1540 1824 688 245 1934 844 1666 1196 1312 746 312 918 1003 835 1256 1198 1047 451 1552 1053 181 1425 281
382 930 493 989 1666 1905 1118 1233 1796 941 1921 40 874 1116 57 422 779 802 1085 1696 1804 1919 1303 1353 965 1754 905 369 1934 329 1001 667 1610 1493 1656 1276 1749 773 508 1544 1713 780 1936 939 247 1992 1360 1025 794 444 721 949 714 23 302 30 128 1206 750 61 1886 1750 728 1496 1594 383 1123 1342 1507 1982 1237 1571 762 1172 509 1008 1516 220 385 309 1015 1457 1609 80 1479 1910 109 1959 1467 1210 19 1353 959 746 1200 904 1480 322 597 1338 655 1834 909 1768 1357 1769 776 872 1989 1512 1532 1355 968 1141 1435 798 1402 1895 756 1221 1105 775 573 63 1872 124 1319 1352 797 267 1041 1451 100 1949 1219 1809 1718 346 680 58
1857 564 1764 824 56 1198 1973 1457 1093 729 1029 197 1503 1953 611 1726 76 281 1077 872 548 118 675 999 418 245 807 487 590 1839 896 798 402 660 1973 457 209 1945 265 1653 673 1294 201 527 1246 1164 253 1322 1444 1681 545 343 150 1571 1342 568 1815 148 1406 756 338 302 1553 739 1313 1525 1195 1521 1470 1812 1174 494 1105 1374 1021 702 537 1625 23 333 1305 920 675 1455 842 16 374 657 516 1779 1412 853 80 1317 1944 1392 841 1490 1265 662 1301 438 1508 757 163 528 1459 700 504 1833 1384 1808 1104 58 1262 1946 426 1987 602 941 1766 365 145 197 1681 440 1589 874 1930 1205 1887 1582 1642 1394 691 156 273 149 1207 776
1981 590 584 1085 648 197 1382 1073 184 335 365 301 699 861 497 732 1653 437 1957 1934 1641 1843 1515 1634 1589 557 1790 1861 705 996 989 1038 1586 1572 474 585 120 1855 9 655 189 725 955 1239 1937 1452 322 1589 1888 630 1522 1881 473 1389 1514 413 1945 1303 273 650 651 1261 39 236 1184 512 1172 1656 718 1180 310 906 1904 1617 496 1840 1420 1170 1781 1659 1799 1302 1539 623 690 1053 1035 987 707 1660 1988 1357 920 26 1944 456 537 1115 111 1254 294 772 511 549 388 1358 741 159 879 521 1818 678 174 1356 1652 1216 760 687 202 1467 346 189 823 1617 566 1119 72 1102 233 534 707 879 1306 1569 1427 45 1278 519 204 157
1391 21 1186 1565 1728 837 780 488 1523 1333 306 220 1521 1480 1837 438 598 1908 1891 831 442 597 1709 99 517 1487 143 1794 358 346 302 1748 718 1487 1312 446 324 443 1285 1846 1775 1590 66 1647 1421 254 84 19 513 326 1201 1306 922 1261 1404 1790 1099 1547 1936 1456 244 237 1556 962 76 1219 1759 399 1662 1043 596 1788 984 1013 1787 756 1266 222 774 131 548 326 1436 1821 1938 840 1963 1037 738 1898 844 1333 486 399 294 561 1970 404 1311 1631 1798 259 1770 1133 1271 1908 1889 889 130 1014 1019 1029 1340 806 849 1629 1645 811 665 734 1060 1861 67 1546 611 712 458 580 1116 121 562 913 379 332 398 1 239 286 1241 720
1299 611 1748 990 1417 949 619 1413 1759 1635 147 1171 1495 565 1068 106 1276 1877 685 743 1997 1247 8 727 1930 405 1080 520 690 672 1592 340 1283 1691 1330 1051 639 300 815 750 1934 1313 1920 1781 1877 987 1886 1505 863 922 247 1212 520 254 290 801 658 1369 1321 1699 41 912 39 1675 954 1720 1077 1593 371 243 342 304 1556 613 436 1784 1951 321 1288 1165 1595 1535 728 114 140 1018 915 1150 386 587 848 778 1850 1238 804 803 1309 1880 747 1679 475 1440 335 30 52 770 165 354 1443 1453 1871 1037 1339 598 1502 1830 1615 768 979 353 1706 179 1130 1555 1768 286 710 1077 517 1456 1107 991 896 1441 1372 1299 563 1537 5 5
1341 1875 1393 679 472 894 508 87 14 1839 791 1719 17 272 1274 136 557 335 1212 1074 1790 671 416 1037 111 1788 688 673 1676 692 1029 1016 566 421 1694 1389 1667 553 1827 1680 743 617 1398 1111 889 1023 1247 1797 1357 810 1222 1499 1480 1990 887 1943 1777 1574 615 1452 617 1996 467 1534 416 512 923 82 1416 1101 1761 159 1718 1511 1269 958 885 867 1106 242 1677 328 92 1508 317 1330 1450 445 1256 417 248 1872 412 1066 1758 827 1577 1032 1261 1344 132 1373 1502 1849 883 1123 1158 1768 1989 264 361 17 943 804 1525 1611 133 974 407 1740 1390 654 1964 153 71 1721 1332 1647 752 592 1342 883 1964 844 1084 1199 318 241 1318 658
856 30 675 150 833 551 112 1317 1524 870 1409 1266 1523 1372 1418 1593 1092 1101 1591 195 1692 933 1429 8 128 512 1558 797 1105 875 1454 312 904 480 814 88 1030 925 1756 906 1795 1164 171 1669 535 1940 1614 1978 1041 1556 524 1084 840 1953 1443 1319 464 1000 115 1568 1874 1921 232 1129 400 1045 1568 1430 321 1324 687 115 839 857 136 1374 1148 101 1703 540 1656 227 1624 848 179 1066 166 642 418 633 562 291 553 1145 1772 1304 189 1339 1085 509 1014 1771 976 1853 979 1111 1578 127 1563 1280 1018 1218 1858 993 417 36 59 583 1030 476 1567 1943 1118 471 1087 1241 1774 1627 932 859 135 1945 629 1462 1797 1960 924 1726 86 486
1006 1455 56 863 448 472 1251 506 1406 632 1333 972 574 802 1442 12 43 1216 1638 974 426 1772 1270 1406 1234 1067 1365 157 792 1802 995 149 1257 1050 1364 1704 1521 966 561 927 1597 245 250 170 1046 1692 181 1440 1259 170 765 36 1941 35 1441 1526 1453 806 35 596 607 1381 745 215 430 460 1918 1950 1425 478 1228 1021 1074 1830 1542 120 1873 74 1911 1131 243 676 1166 535 710 958 413 162 1763 799 1109 722 179 205 936 608 664 1206 909 88 35 489 1460 1109 318 1001 1580 190 1074 1490 1672 1668 165 837 203 1226 146 615 1739 1909 1413 848 982 1591 1052 269 198 1716 1474 1458 155 1509 1946 1967 617 263 1319 548 452 393
37 123 412 554 1311 614 1779 1457 1580 1518 1717 992 717 1050 934 1768 1318 1483 1835 1144 941 1990 652 886 308 1620 1501 1626 167 1952 370 555 427 782 1108 89 1747 887 1897 1327 756 1965 318 1472 1014 1604 1591 332 1086 1426 1827 378 1767 478 1616 74 449 1116 1699 615 1419 69 1521 197 1202 629 286 948 1867 182 274 622 147 944 445 1160 547 35 1843 1984 1460 1669 362 1226 498 1977 1651 946 1092 1350 1912 862 1770 1433 1059 971 413 1344 1918 279 1877 192 900 23 1135 1696 1535 1681 1730 1729 1664 1542 1750 377 767 599 353 418 1545 1796 119 1808 658 1888 1592 68 858 4 1411 775 282 1639 1318 1533 14 452 1228 1548 484 1310
1628 500 851 1377 876 1617 1976 1581 386 1872 1376 856 31 385 743 1623 452 1952 1978 214 1079 260 1853 396 144 1866 1200 1372 1765 1683 1033 1392 534 1883 1121 1410 1851 1448 1342 589 1671 717 1444 1701 1454 187 1675 257 138 1653 471 1568 264 675 1964 407 892 1163 130 1008 845 1162 751 1731 1044 223 1140 1247 22 833 1835 1692 1549 1278 1745 1354 1816 1771 1611 306 1423 433 1873 38 1459 1836 445 702 998 926 61 195 88 811 1925 1483 1386 1416 729 1407 248 915 1099 148 193 1195 1854 8 965 1464 313 740 248 186 777 1706 21 1573 759 1371 851 819 1917 1290 1981 193 772 1366 1960 1853 773 559 767 223 706 1311 1417 911 1319 733
374 1631 1472 973 168 601 678 189 525 1788 1911 1375 606 179 664 587 371 1788 1952 330 1992 1076 1240 1110 1298 297 421 714 1208 1739 1447 1933 1721 1270 906 1889 222 1935 429 747 1723 691 473 680 869 1489 1618 1239 1276 1570 1920 1619 997 1159 728 295 1807 1148 1008 1014 1238 806 947 1311 428 1852 1199 649 1786 1627 1747 1860 317 220 540 1537 1708 157 1127 1335 78 1046 953 1075 556 32 1369 362 1532 728 1728 1121 1534 674 431 1961 877 1629 961 662 1607 708 522 275 927 1061 1811 986 1569 937 672 1647 334 1976 721 1241 7 441 1955 1890 1168 1682 1011 1053 707 1441 1013 1583 1422 326 596 1028 1033 1117 1655 311 529 1817 1648 98
1106 319 96 1439 294 816 1032 652 1256 986 542 775 1019 1904 1828 1725 1696 1192 1307 1117 1517 1902 497 901 1371 151 1211 251 1967 858 700 1072 1528 795 863 1821 1962 1894 825 1569 1231 1718 344 249 1621 171 325 1668 1714 1983 785 1231 236 1281 131 1606 1783 1694 1857 101 551 908 1525 79 1703 387 251 16 632 1427 1585 214 1144 280 814 1116 802 1138 784 515 1120 1920 1745 1355 1200 228 1313 1334 1921 1521 1434 471 428 958 901 482 1696 1504 498 327 1282 82 892 778 361 1705 245 1162 842 1028 28 313 1299 1773 20 498 2000 1332 183 272 852 1617 1094 1631 574 1995 113 270 1850 610 948 1483 1043 192 260 1755 1896 505 1268 1090
1884 1295 1402 1183 1067 1773 32 1418 1104 215 1689 307 1831 783 290 756 1129 402 1377 1330 1011 325 812 405 516 1072 159 763 1928 1426 1852 1811 720 1606 993 139 1378 1377 1556 834 1591 1597 1492 1773 731 1781 528 211 534 1905 1540 1544 581 703 1948 1448 126 458 210 53 1883 414 216 603 371 1208 741 1748 936 648 933 526 596 425 650 1326 557 1178 1536 1091 1434 1427 986 366 482 1286 1813 959 1743 374 1012 1626 1139 1227 228 1509 786 1320 1609 1722 1967 541 599 563 1317 1601 240 226 1130 128 1316 563 1906 301 1280 739 1938 1092 1698 1681 1817 709 1658 956 287 237 816 1424 1556 424 1497 1874 965 448 788 633 48 1380 858 1177
1507 173 91 1764 826 1370 503 1115 813 200 795 629 908 804 1936 1546 1040 1104 969 947 1527 818 821 843 1265 1960 1476 1664 1339 685 840 1197 1210 930 961 387 299 1463 1501 1463 1662 648 443 921 1451 731 818 491 1834 138 1789 1360 955 609 203 571 921 30 234 259 714 1073 1808 275 354 768 661 1004 582 162 466 595 809 909 1867 611 1991 684 1453 1824 1173 1242 1183 128 202 1737 1050 1122 118 1284 1733 1184 708 1892 1458 1414 659 119 417 1592 632 1235 186 1792 495 52 402 485 1087 207 308 259 1448 1490 738 1 1579 1788 1475 1696 1423 1559 879 130 1450 337 1895 108 807 312 51 1438 1546 236 1581 392 639 1982 876 1725
540 1183 335 1987 1024 1073 340 602 1212 1814 650 634 1372 1528 1115 821 216 1010 1280 1022 1673 1330 811 1570 1917 391 1961 555 725 836 631 1264 370 965 1603 1393 389 1942 347 1600 107 996 585 1478 875 52 650 1091 1413 1929 464 1437 1610 1627 1006 1526 17 966 80 1093 153 710 709 522 26 311 266 415 604 612 366 1062 1959 1303 539 834 1354 1540 276 1118 1468 739 554 1077 365 1559 602 734 876 1033 1826 1028 94 534 1901 119 1196 166 885 151 778 1251 1212 1088 553 102 1921 258 1641 548 1375 1460 1287 1928 536 3 1486 1489 1088 713 873 914 92 966 1799 1992 1085 1347 157 1969 1497 1286 1571 709 374 123 1162 646 380 803
1194 1754 262 832 33 1150 1186 1870 990 274 582 1863 1539 673 828 1337 664 264 683 1173 585 532 810 155 1592 1183 630 753 181 1009 1907 1374 1115 169 557 1499 1670 1742 1369 659 15 302 873 1553 975 1701 1242 1990 316 276 1514 900 807 324 1055 750 1858 1684 1503 38 1044 1409 1763 510 1929 671 9 1598 413 1729 609 779 30 1481 332 1004 1533 1925 1346 1849 552 859 748 1711 1182 154 460 1392 189 1962 1429 1233 1723 1544 94 1651 214 454 1601 978 182 561 1757 212 393 440 1567 1926 364 1264 126 915 123 873 977 1656 1379 1437 1047 1567 1750 828 1151 1472 723 1245 1475 1288 1698 1427 266 1880 1987 22 443 379 461 361 304 1176
1625 781 442 1747 6 1419 1754 1384 855 1153 1302 956 1980 453 428 1054 1697 254 341 1746 1680 606 1977 1666 979 771 396 1439 1132 1052 966 756 1832 1760 854 1837 1178 607 1220 384 1759 522 1339 90 1326 118 1143 1374 371 1484 1119 402 441 1448 67 1420 218 815 1210 1349 1866 528 456 1697 287 1309 1886 1464 268 1105 199 378 1978 1889 468 1655 7 1962 1028 729 1797 499 1131 238 1946 1549 9 515 363 1218 1864 580 1745 671 277 31 1980 514 1846 247 1618 396 976 1948 285 1443 1954 643 1405 982 1723 1201 1480 1205 1790 1777 754 1798 291 1468 1368 506 48 1112 1177 676 1495 1508 1189 1692 106 1158 88 1081 1457 724 524 1411 1718 280
744 1440 1832 223 645 1622 351 1750 1419 641 1569 786 1499 1968 250 675 995 96 534 535 1787 639 45 226 1719 1501 1301 594 1263 1018 873 358 810 1057 932 1806 678 1282 1555 448 275 1475 1586 1773 1443 1835 799 789 1930 1332 1324 68 1970 1368 646 40 1220 1946 634 835 1316 1858 1192 125 914 124 1930 1943 1405 1836 391 31 1310 1976 1803 1104 1810 953 1893 91 284 1568 510 605 1287 1155 645 506 1453 1278 1692 768 1487 884 1244 401 1359 1525 343 1115 1360 1085 1146 1021 1060 1300 477 1221 253 721 1663 888 288 173 1493 1574 1679 137 431 1483 1766 475 250 1252 1710 1845 4 1068 1369 699 534 1080 1783 31 101 1195 1331 929 415 1935
1649 430 822 288 602 666 213 632 802 995 115 919 1469 716 523 1178 561 526 597 281 1576 1131 1361 1711 1513 1813 905 1195 741 1671 1129 741 100 303 1028 1053 968 1240 37 122 586 151 1040 55 1218 1562 1584 130 440 181 411 367 1663 1771 77 1175 1583 981 370 323 1004 1850 1415 1103 504 442 508 1472 33 544 1945 618 1046 984 672 263 898 256 393 1337 788 1155 1703 450 925 132 1976 859 1464 697 1533 467 547 947 1922 1050 1388 429 873 1772 1324 817 389 369 1801 1413 983 1050 20 1727 738 807 881 792 1608 157 923 1935 1015 387 632 547 1205 1178 1493 1126 579 1232 1906 1452 1003 1229 268 1744 1949 420 1156 1284 1821 1527
1010 558 685 243 1350 292 399 272 578 1414 1010 1209 312 215 738 1805 1692 1317 1388 1598 1120 743 1178 1739 486 1479 159 1993 762 331 1519 1771 889 555 365 238 846 764 861 1775 529 223 984 840 789 1721 996 480 1389 384 429 508 1126 1607 247 1963 1085 757 1955 198 1087 1825 320 1975 379 685 564 1576 1448 1777 1350 1976 1999 685 1167 787 406 163 1618 146 898 47 654 375 1653 900 337 1089 8 643 1286 1094 819 1605 1421 1197 641 1984 1124 440 112 825 767 110 1510 1934 1248 267 448 866 412 1345 912 1417 1719 916 316 407 356 323 1401 1993 1769 219 1949 1189 1767 590 1524 1242 1029 1636 66 1796 97 1927 1729 1697 193 176
562 957 1872 1825 373 1590 1092 689 348 1447 1363 1748 1439 1483 318 1387 1023 84 328 547 1325 1357 534 1390 1152 630 1317 1232 326 1861 1759 1239 817 1630 1415 1190 1571 506 230 1918 304 1944 17 1742 1779 334 1481 801 417 1808 1699 93 1164 232 1482 667 1214 1150 1898 1891 1363 1656 1130 179 1285 896 1720 1207 1402 301 1124 1705 597 1140 1799 375 1825 1279 1175 241 1438 1226 333 954 1457 167 1620 1022 1668 1870 913 1030 1877 394 1561 1162 1289 1632 720 1042 1933 1844 747 529 1335 897 1255 1160 175 781 1752 1964 6 85 917 1463 603 537 484 270 758 1748 1652 634 141 1212 147 1782 843 867 823 775 710 1569 1655 396 465 1261 1555 991
42 1307 955 47 1743 223 1861 697 759 697 966 1516 444 617 150 937 180 648 718 1023 1514 1540 149 575 1461 156 971 277 1416 877 1620 1457 535 926 1856 277 1148 68 1325 1907 764 291 1774 1560 1259 275 848 1791 923 1565 1165 436 1456 1665 1011 1268 1820 333 1545 1588 1209 1164 1396 1744 89 1251 372 1588 1319 1697 1494 434 339 1620 1993 1949 246 1192 1739 1168 756 1255 1956 564 920 1318 1831 739 1650 1727 326 1210 890 1722 953 1330 1324 1677 918 994 1373 763 1428 63 734 1772 11 980 964 102 147 71 1356 454 634 275 1771 465 1366 1772 191 43 982 1433 116 286 1114 1440 1962 383 785 1686 1498 212 1748 231 336 111 1562 1299
564 1709 1369 1919 514 355 546 637 1171 263 408 1713 305 1741 1497 421 27 611 212 1988 1345 996 1674 1194 1560 1773 1777 1895 1883 1338 1545 446 1046 1265 717 1912 1619 1614 548 789 1876 1307 502 180 1048 1998 952 1074 960 1163 1413 657 511 1438 1850 70 1211 1626 1964 1093 964 1508 1891 361 772 959 272 743 572 1171 1531 447 478 384 626 1525 734 1578 950 45 1092 362 701 1602 1800 903 1671 1010 528 1634 454 1843 1493 696 556 617 1654 1179 1359 225 350 889 671 1179 1625 1649 703 358 1578 4 402 669 365 1455 271 516 357 1941 1877 1236 1927 683 1079 1771 1378 1986 387 1384 1164 1745 1960 1865 986 983 1043 610 631 97 1319 208
100 72 1228 817 1526 1498 1332 1882 1791 1561 1118 1717 243 548 1487 1972 533 1874 1707 1696 1970 1667 1561 955 649 603 1916 1631 1052 1234 190 1151 1306 1417 1967 1183 1267 1651 1065 1057 1211 534 1125 1805 1081 963 128 1613 1188 1835 1660 1158 1853 1572 112 853 527 380 483 1578 1613 1024 728 1270 792 1047 453 410 1049 1869 1818 259 402 942 415 1834 1905 542 1798 1092 728 1457 601 580 1381 1065 1784 1907 1444 618 1484 1408 1641 563 1030 785 1961 1482 1194 1009 1702 1012 1619 455 305 33 288 209 927 85 1653 6 1893 253 586 1273 1317 721 1179 1112 1339 1014 520 979 1929 1549 115 1889 1382 1661 898 1435 1024 516 1889 1328 901 176 1889 1827
260 1893 1832 504 145 769 1777 1814 1490 1307 1277 1180 673 1796 158 601 1696 625 489 1429 285 1738 863 1308 254 751 635 1506 926 875 1332 1537 767 1515 393 1264 636 169 1077 477 1827 705 1656 499 853 165 1099 548 789 1940 329 1425 1677 1191 732 282 294 1719 1787 1571 593 1470 1460 1360 1337 1852 623 1972 20 51 800 198 755 455 697 1607 971 147 507 1760 438 835 1184 467 377 268 748 670 338 887 593 930 708 52 641 44 1903 1615 367 274 17 1166 471 1124 1972 1519 1082 943 1666 1940 1054 455 1126 589 921 1503 856 21 524 1545 907 1116 475 1614 1519 1467 10 1421 1434 376 1694 1450 1542 517 925 1865 35 7 807 1700
1946 1860 155 1072 449 1427 926 1656 1447 1449 1201 353 917 27 319 435 1845 328 208 1278 1055 1901 1080 596 417 4 813 452 10 1619 503 308 1831 1009 1731 279 436 656 286 1882 456 1838 587 1724 216 1257 511 61 1584 718 1338 990 618 769 1938 1387 773 750 190 1134 368 1044 1793 198 53 1523 828 840 530 1466 1073 986 1303 1659 709 1519 1267 1571 1931 1202 288 1620 192 1258 389 129 644 1161 878 1185 646 1245 228 439 1795 632 1961 974 1823 491 439 896 1828 94 906 888 1964 173 459 1894 1374 746 1513 1565 3 1901 45 998 1413 922 534 59 519 1114 849 313 97 809 1286 1920 1651 77 1167 1478 170 72 718 133 596 1176
378 322 273 1890 238 628 143 283 1977 1907 1204 511 317 74 1624 1165 738 1720 1974 376 1991 1976 452 1157 1806 973 1229 523 1105 176 50 1834 497 322 1723 735 1301 217 1017 1278 124 572 1788 440 646 1763 1957 1383 1834 282 1758 1825 257 561 981 62 1533 561 936 989 737 985 822 1233 1659 545 1967 959 1113 1335 588 1588 1907 375 28 904 489 336 638 323 617 396 147 873 956 1479 1287 841 40 222 1829 1128 1559 651 360 1569 1547 679 879 659 13 1467 247 271 193 626 1174 682 961 164 1356 1577 559 1502 801 1866 1332 87 706 1723 661 887 850 571 1537 1210 139 1083 240 1017 1741 252 483 339 875 676 1316 400 1709 276
563 1064 204 1473 917 1005 1339 248 1091 396 1971 103 1282 820 673 818 381 811 252 620 180 345 1224 662 683 98 1689 1999 849 1397 626 1412 812 830 884 1728 186 574 1976 1628 1322 298 1731 955 1469 403 125 1850 1566 376 821 1745 1072 44 758 1755 493 799 105 1342 547 1082 1105 1359 1911 340 1086 96 1266 1413 1724 939 62 1806 1893 1531 560 17 1732 125 745 552 221 1816 948 1331 1922 1792 481 26 1485 1027 1460 941 737 1370 1281 1823 1818 898 1587 1893 1836 1649 1698 80 1531 609 449 1262 1086 1193 165 1306 1360 1464 988 1282 1256 1468 1659 1092 847 1118 33 1583 840 1665 1757 1009 562 1696 901 749 1344 950 828 1226 1910 1628
839 995 820 1003 301 532 819 1640 165 426 1460 1823 1517 306 1293 1549 1888 484 1565 1997 1492 478 1692 744 1226 1387 1693 406 612 1602 33 1450 949 1205 804 1601 88 1622 1240 252 47 699 426 1916 1004 1718 1816 1244 553 1381 1592 44 1858 1283 787 1084 1021 831 1841 1984 785 225 1433 1733 1781 588 1333 1868 562 924 119 608 1623 545 875 978 614 691 573 1167 71 164 1210 1928 1798 349 1363 1170 1531 1555 1153 315 1780 585 399 1560 1525 83 1428 86 1007 1898 1045 981 442 1920 310 1056 610 883 574 1032 1398 135 1311 1548 483 674 717 14 228 1870 680 359 806 1079 1919 330 1161 1698 415 519 1595 1460 1499 389 1379 1809 1796 340
1043 369 1371 792 503 1033 339 1338 1706 1056 1351 286 925 30 996 1730 1460 1266 60 973 963 826 1843 910 285 1342 1298 15 1502 1445 706 896 1813 428 1687 667 1461 26 4 1518 1433 1354 155 357 1736 1151 438 1547 768 497 519 1731 1675 362 992 1959 55 641 326 1908 85 1031 1155 249 1811 841 915 1271 1218 919 1140 650 624 1295 1358 711 797 1796 258 1564 644 1128 1646 318 1841 637 629 1895 1629 954 154 65 336 1660 313 146 501 1580 1768 70 498 1260 720 1473 554 429 184 1702 224 441 1265 868 1920 911 1537 1761 1899 165 7 1880 1470 513 1944 1806 172 609 303 672 188 423 1094 685 1682 165 509 587 593 692 288 817
1484 1552 36 1404 814 1572 1516 1065 1737 1522 944 1558 34 1239 1715 206 1847 18 1229 34 792 322 1070 825 486 1579 1411 1079 270 1698 247 106 1601 282 1861 767 205 1376 1831 1941 1249 1126 1851 1283 364 1565 1840 211 1934 1420 244 725 94 1314 1549 931 1244 1311 361 1513 1360 607 1970 1313 1240 1830 79 1445 1557 261 1737 806 1386 1587 440 101 1152 631 311 1085 50 907 162 143 572 62 1426 1815 1373 1786 1679 732 393 1 44 1984 1830 474 1428 1739 734 1165 544 471 1103 1335 572 254 1965 882 1691 14 140 1852 509 1063 1913 1934 1229 1285 1719 908 369 463 908 764 447 1089 1590 226 1179 323 1390 1722 794 493 1056 1365 1098 1372
598 1140 1386 1090 991 246 152 1256 179 1381 892 249 640 1260 712 1899 376 1510 1339 1965 1735 518 639 1125 591 1784 1969 1999 1148 1418 1370 98 558 1107 1539 1900 1352 1690 1155 1530 1422 47 1779 413 1658 842 663 385 351 2 349 85 871 1340 1561 1461 1123 1881 1811 623 1299 1181 1072 208 639 610 107 1991 651 1262 1520 73 1308 1650 837 1317 491 1500 1702 841 1853 402 1278 723 1741 838 535 864 719 346 1486 369 1878 557 576 516 1518 682 506 168 295 378 592 1954 379 1429 1271 870 1280 972 62 1132 1725 1339 206 1466 529 1092 329 1247 1789 166 1967 1666 1074 542 534 591 1575 1391 1110 1870 120 1702 1823 499 1482 1445 1368 1113
768 1781 596 493 1472 801 1958 2000 1892 638 1598 33 1155 1564 1698 580 105 583 1522 31 1974 631 1900 93 684 75 943 517 1871 662 1629 639 443 224 1483 1914 1024 1792 1913 1268 781 1510 1300 1935 1073 1349 866 1529 284 387 1559 257 1369 1811 701 53 237 1644 569 107 305 550 1097 1099 773 579 1364 149 370 1276 1416 1150 1137 1067 1436 561 767 653 441 1050 1391 352 1658 760 162 711 1164 398 706 84 856 1362 633 1953 461 1758 531 1824 1906 1253 1452 1673 754 940 1091 542 1853 1857 1194 293 1259 937 996 916 1696 1157 1978 1211 1906 683 1646 762 45 279 1066 857 388 1596 680 293 1200 483 1965 306 1423 1055 847 1627 1263 392
271 521 1328 1267 1789 1375 423 1766 585 681 449 231 1794 845 861 859 1701 1248 806 732 1892 358 1215 1856 663 989 910 1509 615 172 252 885 1045 1580 151 833 954 926 950 1891 1958 1750 473 1751 594 1333 961 294 932 1766 1026 823 123 592 1030 1137 1580 1939 645 546 462 897 1782 1506 828 285 690 1781 1210 1640 23 1519 1389 495 1269 1983 179 581 628 1110 346 5 284 821 948 1313 309 527 1603 954 1424 417 202 1206 274 1381 1490 964 1513 1051 603 1536 569 343 30 189 677 561 769 1657 1670 1466 1661 306 638 609 1970 947 1487 1573 252 911 1989 805 468 262 185 309 1577 1697 1359 531 1232 279 874 1614 819 1550 174 1587
1206 195 1404 1219 500 42 179 470 988 1665 394 1591 927 734 395 1746 995 579 54 572 275 1764 1454 1859 394 327 1824 1212 229 1997 1150 1786 543 554 1356 1395 595 1534 1864 1934 1551 609 1524 477 1342 1918 575 688 848 980 1611 1474 1096 1065 1332 1489 1391 1507 1053 1971 1503 202 1757 46 755 1112 1440 1701 998 1655 1634 548 615 1509 1376 1956 1778 1950 995 977 1282 606 451 377 1670 134 1865 1412 1641 917 1735 1495 1471 1843 1540 225 954 1331 278 303 1337 263 850 303 1772 578 258 1901 879 1253 878 160 210 1680 536 1879 1813 753 1642 1453 21 1376 948 1491 1218 839 68 524 522 697 1178 210 959 28 513 1082 957 1122 983 1835
726 212 1995 935 1891 882 1165 55 1986 807 1860 7 534 807 1849 104 1997 268 627 870 964 1804 1080 1923 183 1592 1004 1139 713 338 1326 1439 901 1672 725 1143 553 1890 1198 539 1048 1409 897 1581 215 745 36 563 1013 1014 1433 1976 818 512 250 1352 455 1606 843 1519 295 168 1309 1196 1839 34 690 743 1923 1887 1633 1322 1295 529 1254 1861 1274 1290 776 638 303 208 965 1472 1071 1215 824 1877 820 18 1395 1114 537 704 661 727 1089 1351 1469 1363 1589 1454 684 1236 1982 1937 1448 1255 1226 223 244 1529 782 1209 1000 1852 775 175 1728 1946 544 1475 1059 1080 178 72 158 1266 1422 1979 980 1362 1432 1663 597 1413 1599 397 1020 1177
619 1263 705 1401 471 56 1604 1245 231 1684 1190 774 1158 601 206 1335 1024 363 952 797 341 1931 158 1772 1945 1107 1185 1543 1503 204 719 473 1466 1775 1873 289 1831 1829 1885 413 1512 1427 1186 669 379 1743 355 1402 106 1658 550 446 1588 707 570 1884 165 1754 1426 1667 309 497 140 126 623 364 414 453 544 651 1217 55 77 755 1075 807 497 1429 208 602 1086 1109 1400 1025 1815 1969 908 1980 74 686 1998 382 1534 489 507 156 1205 1273 961 1748 1923 177 155 351 931 1229 1157 1428 658 1716 29 95 824 1780 1472 990 1748 731 1321 1821 1768 1319 554 1301 159 1061 1457 1363 333 417 1111 255 593 1265 957 1524 845 113 1303 1502
1828 1331 1949 1003 1463 1772 1992 1562 502 1313 1383 270 983 1936 1922 1141 1348 1378 504 1680 146 1966 286 739 1582 1242 614 426 1706 1916 280 1885 1598 228 887 1060 351 1231 974 852 543 356 1473 1877 643 1395 1017 343 1124 1520 22 1270 1837 660 360 1418 253 973 1844 1959 1240 123 195 1189 702 1082 249 1052 664 1574 255 1558 1929 1728 1434 923 1474 450 1617 597 322 1991 1866 158 650 225 1928 1254 1549 1771 1212 1140 245 1759 329 946 840 929 1997 1855 502 603 1412 782 330 845 56 1803 1646 1673 752 1967 1663 617 477 312 1194 404 1565 1094 526 1129 234 770 887 914 67 78 1842 415 1932 343 1017 1695 1124 1699 539 1179 1853 184
1203 604 503 865 1573 979 1528 1118 1734 1093 211 611 573 796 1732 1811 1709 1798 240 1902 564 523 244 1580 217 1719 1630 1107 1250 1483 1642 804 86 144 1669 1658 1122 1196 775 1207 640 1338 1817 1564 485 1548 1726 546 1697 1965 447 260 839 1043 192 1407 1113 1821 513 714 1303 155 1518 1741 650 1186 1398 1772 733 525 1330 1373 214 1147 936 1050 1046 662 1595 743 978 394 1002 169 1788 1545 1575 900 1366 440 1966 668 946 1483 408 1595 1020 158 1718 1752 1034 1048 1476 1599 546 412 648 1943 1425 595 685 402 1340 39 570 1127 1583 497 378 948 936 343 1968 233 177 727 1827 1548 1236 1897 1652 621 1296 1127 219 1841 1538 1219 135 1314
165 820 1716 1504 858 637 630 792 1133 1007 1740 420 1702 59 652 1878 785 831 1426 373 727 1077 993 22 555 1564 214 93 782 348 1406 946 1519 1473 449 376 110 1078 1520 1594 436 1259 14 137 1669 665 367 805 1495 1792 1177 573 1220 170 594 1774 85 1159 218 866 1859 1976 163 1377 1800 611 105 261 40 1624 1855 827 1234 220 964 902 1236 1330 58 1083 1473 1235 1655 1044 1756 601 1169 1840 1759 1739 1057 1617 66 1219 1346 1865 181 1450 126 572 1073 332 1398 658 551 713 1911 138 394 1968 1220 218 1202 875 1613 1309 1475 782 1148 1585 872 204 1554 937 1422 899 801 1954 348 1278 525 1772 1961 275 781 863 987 691 1001 1733
658 220 1950 212 1446 1563 1520 920 696 668 857 1567 1223 410 503 997 1308 1655 950 7 1285 1827 130 1597 101 910 460 1439 1952 1812 1171 609 31 1473 1172 1477 1387 692 748 82 1359 1604 2000 933 365 502 1929 24 508 879 382 144 705 511 1741 1157 1772 552 595 75 363 118 684 745 1590 207 221 1328 898 1321 1409 608 1276 1760 1541 1641 613 1469 16 1120 699 398 1616 1403 908 1356 911 1032 1907 1506 1106 269 1623 141 1013 1564 348 1586 1243 1245 1258 1003 205 533 762 1745 525 1374 1565 541 845 616 938 460 18 197 1815 1281 1580 73 786 686 341 760 1178 1706 675 1525 1643 1917 1122 900 919 1678 1784 1680 1422 309 1405 1338
1201 249 1953 490 709 323 1038 875 1603 618 948 740 1303 1288 1499 480 1345 525 357 987 441 1478 1886 1711 1155 1670 1742 928 330 1146 617 1882 1394 922 723 454 1244 1760 1329 1198 377 276 1937 31 1915 1787 511 1260 311 1219 246 1103 1048 484 1165 554 505 906 1833 834 403 449 1067 148 1370 1789 602 965 1548 282 514 277 557 450 307 823 588 1169 82 1250 387 680 704 1434 1163 1868 339 1667 1125 171 852 1527 620 270 1675 341 58 276 1658 1957 909 171 585 1465 973 892 287 1912 412 721 1162 799 1752 217 584 1266 85 923 1284 1209 1445 135 1088 64 756 762 757 1165 1389 414 1473 297 936 58 113 1908 949 751 1820 1360
1471 1333 510 1574 1549 1446 839 1633 720 122 1194 164 608 281 228 1363 1394 1336 527 782 101 2000 1078 1036 57 1190 944 1357 1940 1115 1068 1763 447 1578 1336 1995 1023 527 1980 1742 648 1525 257 1256 157 484 618 1550 171 1497 331 271 1496 1760 1659 1904 1301 602 1260 1592 68 679 1706 866 256 1394 1212 1630 1920 1543 1723 567 1067 1980 1822 1575 815 792 1124 1338 288 1806 1608 135 1917 1266 38 1217 219 1649 1161 638 327 866 1503 935 259 715 916 178 257 991 1097 1324 970 918 1250 136 61 374 1473 348 531 1433 834 448 698 1223 16 1269 871 1528 1906 1550 394 1409 836 1004 475 1751 1534 731 741 630 406 62 1899 1656 198 1960
381 22 307 1263 1454 1493 62 504 715 78 1772 1586 1957 29 1487 350 1789 322 1706 263 424 1239 1346 1517 1868 1751 1578 1766 1758 127 1725 138 149 384 1753 1954 228 1814 457 942 243 580 879 200 609 365 901 749 1038 606 1364 1814 196 709 1682 415 811 1259 181 921 1738 257 1410 238 992 1162 191 1571 976 648 513 1218 1227 1391 1417 187 108 670 1288 1497 1627 651 1662 1823 1711 1343 237 521 954 769 1441 691 1378 1203 928 721 364 1118 292 1339 117 804 909 1344 546 677 1882 1005 1346 1169 502 973 1819 515 795 1881 1858 1383 402 811 152 194 1853 1529 1396 780 601 112 249 892 1450 366 1695 358 61 593 1387 1942 1597 732
1111 450 1704 1281 965 850 1162 822 585 1915 1984 736 460 1836 616 208 967 1216 319 1215 460 120 1932 506 830 1992 1098 216 1934 695 947 1396 1144 1003 676 108 204 189 1281 788 103 1264 1875 915 1099 490 1122 65 58 1792 1632 517 1911 1563 1022 1092 1555 472 1307 1840 1166 606 1587 661 1608 614 769 1811 803 49 951 1257 1665 825 171 763 1315 1644 1180 1724 1435 811 592 1698 725 1965 789 631 436 448 470 1601 1053 56 262 1012 670 1382 1174 1824 1782 124 1080 1446 949 1603 561 615 1598 92 338 1033 1254 1281 1082 1978 1245 222 609 1681 669 1430 1633 73 1838 246 1084 859 1627 258 682 1761 381 113 1206 1329 1715 118 295 1313
209 984 697 1814 264 130 1792 1509 351 752 1541 1372 533 1173 1444 370 1419 528 1228 1397 1137 261 1157 1517 374 715 1198 440 832 1492 1752 1393 476 800 1206 1091 1281 1349 599 1984 452 491 1355 985 1664 1150 1706 1434 29 934 830 1165 1546 339 1034 1919 1053 583 359 236 74 462 1980 901 1614 1538 1992 894 1238 942 877 1690 1785 583 1026 1800 85 731 1233 113 16 414 1630 1562 1104 663 1832 156 1245 190 744 1670 1004 723 923 617 612 1266 1862 1850 559 1091 1539 343 1673 564 142 1757 1646 1726 222 1662 492 1851 1575 1595 865 1406 103 461 1948 846 130 951 1920 1404 1919 532 669 132 381 1228 1222 271 1570 1247 1186 1712 1355 831
1789 1928 844 280 1778 418 1875 994 176 1977 1454 123 1174 1936 1425 1093 1339 1343 1976 8 1826 356 1235 1048 978 1156 646 163 1219 2000 1346 1008 1928 541 1287 57 1311 1513 1051 1486 1489 856 1608 1014 1143 1032 107 482 726 82 841 551 790 427 1950 1767 1582 595 282 801 947 1979 160 1226 519 1798 1282 1829 1311 684 1314 1151 1892 1273 165 1034 304 623 1515 1381 1056 707 1932 197 1133 1881 1964 715 828 597 1867 1774 575 26 999 1093 175 632 1274 1837 1668 587 1340 1559 1860 1504 592 515 478 459 1896 1885 1165 179 82 650 411 45 1364 1238 993 1582 1363 1567 1959 713 1011 133 1345 284 1970 1012 1223 1309 922 1434 1164 1865 300 1993
323 547 1877 1840 725 1958 489 1488 354 204 1077 1346 1785 440 1264 1743 1152 627 227 848 1262 548 211 484 208 1132 269 1723 997 569 1715 1671 1115 1944 1862 192 1901 702 1679 607 905 755 304 1041 1546 1568 1135 1050 546 1714 249 1807 261 460 643 469 1943 1263 191 1291 1831 258 962 1298 201 1175 1841 101 1877 1519 1059 781 625 1363 174 523 1282 1308 1572 1827 1021 172 1985 1634 631 627 102 926 1890 644 216 72 901 1177 1721 1453 352 1561 1906 580 1431 964 1712 408 326 1885 930 1607 1545 853 1785 917 1024 1770 550 7 748 1003 932 637 1647 1147 1061 899 676 1133 704 1379 694 609 1958 476 1572 1669 883 250 1554 164 208 1450
1016 1993 366 392 1762 916 398 509 1918 1329 1498 1916 827 910 1167 1502 42 1870 880 1087 830 1189 1915 753 858 797 1002 763 1313 1210 212 680 1554 929 1071 1667 1844 1820 175 114 1500 24 381 327 1285 1899 180 1679 1768 1060 765 949 600 679 1702 1809 1828 703 571 1140 264 1134 1819 1817 415 1242 1483 258 1061 10 723 561 385 1104 1239 1670 1002 1418 1348 1122 829 464 422 1429 1495 123 1237 1322 1178 160 813 1441 1645 983 1610 59 224 1444 669 1637 1805 1391 549 190 846 1787 211 200 1204 1910 1673 385 373 94 1813 1867 217 1401 1540 1394 1912 352 1186 1909 1687 1147 319 1910 591 987 1546 395 730 446 936 1927 232 1146 126 1788
1055 150 172 1428 244 336 1646 812 1736 1538 557 2000 1889 94 1908 1575 1241 226 1837 1831 1565 1734 577 294 180 1513 220 763 1010 698 550 65 847 721 1844 1442 1056 1841 253 1144 1378 809 1143 1619 903 1402 1545 495 1627 1381 677 1191 1467 1253 1836 1998 1117 408 760 127 1105 1662 191 303 382 386 1745 1790 226 349 1285 1604 1510 779 1574 764 180 1118 1258 158 851 1934 1349 317 1538 1184 666 655 1591 1425 1133 1047 1086 1323 1702 1820 60 1446 1961 637 146 1597 592 1655 375 165 770 906 1283 27 1063 485 312 763 801 1850 1947 1466 856 1889 1242 1988 1288 328 1662 989 499 1721 786 459 709 931 55 1301 938 781 1465 1707 1686 1099
1734 748 1583 397 1511 735 598 1809 200 1453 49 1794 1792 1336 473 1805 676 971 1877 1461 1781 586 744 187 1886 1681 967 1350 1387 652 449 1472 1751 31 221 1261 766 818 1421 1317 623 1822 1462 414 1157 1934 219 185 904 447 1645 1036 1032 740 1222 917 420 188 267 159 1191 1067 1982 942 1449 202 554 566 1372 1975 235 1994 1796 1696 759 1304 1630 1329 1840 885 1776 1837 1921 807 576 1142 76 1348 1682 694 1506 872 1760 1839 1813 1560 393 719 126 1764 1045 360 109 1192 55 867 495 36 548 687 921 675 523 841 1481 1098 334 1908 445 367 601 302 1239 360 141 1403 1920 533 121 397 648 1165 756 756 708 1162 1974 1555 1198 521
241 118 1195 763 1310 1028 1860 1995 935 305 362 1536 958 1600 247 1098 1354 518 1982 1475 914 629 991 1669 1384 51 1183 1710 1605 380 230 1845 497 1777 607 158 804 466 152 90 1122 513 1625 80 464 224 1529 1818 741 1863 1644 7 491 986 27 227 1036 1209 1936 640 1588 517 484 436 293 1442 593 1448 1908 1097 1538 1381 1609 1514 1460 425 1737 1341 242 830 1203 237 836 45 1222 862 623 610 71 910 1249 10 1427 85 446 71 1526 1390 1519 1785 486 1056 1166 95 921 977 519 1010 669 1112 1839 1871 1348 1026 268 921 1887 890 1530 309 1800 1131 319 1578 1567 1116 1648 1092 505 1166 1229 991 573 394 1437 1494 1722 307 503 391
1418 693 613 1117 1718 880 37 1956 122 1919 265 273 1049 935 1850 615 50 1497 58 554 1015 1286 1896 1587 31 1332 1432 105 1638 286 495 1407 978 1459 875 1047 691 912 1003 1164 1182 1267 1436 230 201 1285 1196 250 1133 1253 1155 147 891 1051 1734 1273 734 1517 1377 724 1803 223 130 780 34 1005 1827 724 268 1181 1887 1449 447 1674 30 999 1310 1225 1600 442 829 754 589 71 156 674 1696 890 190 1424 1613 344 1647 94 1124 32 1450 1302 1107 69 834 1345 1517 1280 1018 1898 630 327 1474 581 768 655 1334 1708 725 1842 381 420 1083 923 196 1047 1266 1842 1140 741 225 942 394 1331 1010 1227 675 879 858 1692 776 1487 370 250
67 1489 904 1753 1197 1980 1946 1929 752 1028 1203 947 74 469 1140 1565 1561 1364 506 1955 694 1516 1533 1720 746 391 1763 1521 229 132 122 648 1620 1377 752 1168 1709 1049 1097 460 428 299 1758 501 1119 897 417 1032 612 1275 986 1657 790 870 1376 1887 1612 1138 1759 193 1621 233 1192 1240 1609 295 408 1669 1343 1856 480 1770 506 237 622 1625 1485 1390 656 96 664 1993 104 1805 1214 1831 1691 826 968 1450 1018 940 1682 561 532 1642 855 1291 1311 549 1146 1790 318 1651 379 1291 1627 1863 680 282 311 1344 626 414 1148 1840 245 839 1017 1564 640 386 856 321 946 1387 314 1800 677 1624 348 174 1766 1017 1824 144 307 1803 6 1338
436 316 1033 1062 1082 181 1253 1678 1371 269 1241 362 654 96 1034 1951 1834 1347 1750 510 971 449 1035 736 1817 1211 879 475 1013 1236 1812 1448 1904 845 861 985 1377 465 1014 1099 733 606 1460 1738 1054 493 1688 887 191 1789 1749 1161 589 783 248 405 1993 1126 879 1005 714 1043 805 617 239 17 1953 1967 482 966 1417 1566 1571 876 1656 624 1720 1695 1511 1910 1836 1611 1423 424 393 1670 1181 386 1148 411 1742 1861 1805 898 829 43 1267 781 361 1748 98 1777 1665 1668 652 1320 644 723 1367 506 985 1202 116 759 1977 860 428 1157 1597 1927 1568 1339 139 1372 588 967 1767 1854 99 127 1953 196 1904 1618 216 907 1289 859 1982 1007
1716 966 208 1831 1724 185 690 503 1693 287 782 1612 1977 920 1336 916 1887 1102 1122 337 1580 1074 533 1835 1043 1100 742 684 310 1075 1690 25 392 250 207 467 434 1248 969 478 1886 1750 90 214 1022 1425 1130 908 878 251 1244 809 1676 128 644 719 1227 1737 1754 1888 811 1443 1912 1202 1692 470 1668 477 1718 988 955 1955 1090 1396 169 111 1172 1650 1370 49 252 965 1209 1927 1093 1852 997 671 1940 1102 559 750 545 822 303 588 1292 1970 1065 1361 1310 371 1315 399 118 1483 861 1289 1132 230 1689 1383 1194 897 1662 638 1101 1010 1309 1040 112 219 1790 1008 1040 92 1595 683 414 1011 43 75 1733 1358 473 1850 840 1333 1138 324
1914 1178 58 1107 75 1719 1745 1527 1081 1405 566 1192 1623 707 199 1014 1151 145 1697 1916 1156 91 1990 888 1448 814 1090 640 498 227 963 411 1757 1020 1517 1831 1091 1261 1709 171 1017 274 1714 639 1333 264 5 483 408 1701 398 1563 143 387 803 1591 1552 1892 230 49 470 1544 459 226 915 1975 408 5 1588 116 527 604 742 240 1595 74 855 1599 556 1263 1651 1305 825 1793 1691 1627 1383 1242 1870 1964 1642 340 1507 100 565 422 74 1325 778 13 1440 1657 969 181 1896 563 254 751 161 1161 365 163 465 1189 1955 507 1168 1690 100 1389 5 1741 1728 1864 1840 645 637 266 1969 1414 278 1760 1070 1598 1941 1318 160 546 420 672
1707 784 834 171 324 1141 1030 1843 1182 1129 1232 1186 870 1311 1049 1061 1955 1685 1326 275 1451 1956 35 520 1553 1975 189 65 872 608 736 578 1743 1922 1101 67 1062 130 261 595 1610 1492 1780 479 803 1181 1540 1109 1217 1217 1384 1019 1172 1418 1891 1077 1744 79 1141 615 1039 1876 1193 1133 1797 645 1551 1210 1126 1812 1804 735 1655 1936 1566 457 1468 1105 1918 684 673 1301 55 197 718 1945 1273 461 375 413 1075 1413 640 619 546 789 1615 448 1998 740 259 154 1827 1914 89 1392 722 1556 848 639 591 1520 1939 645 1716 1008 589 1340 1820 964 1752 895 728 744 1865 1625 1532 1832 73 1881 923 331 34 749 596 122 140 1318 1677 1339
308 620 1211 247 1264 926 1606 205 618 1426 1168 721 672 247 1464 888 1872 995 719 296 876 1642 978 909 390 1574 1383 882 1243 1411 220 1550 30 1782 148 1294 1060 106 1498 1677 1531 1017 397 202 1263 1861 1089 1486 1207 1808 1781 82 1801 759 1343 190 684 1077 1423 1926 487 1995 1827 517 1776 327 1810 835 432 1659 511 1962 675 1260 515 289 1120 1603 1775 326 1762 1555 760 1562 665 454 104 1348 1530 1526 1273 368 1520 1452 884 1296 1778 1045 482 209 703 1345 522 1377 604 1036 1666 1723 638 1792 400 752 1346 1511 313 11 316 768 1358 1845 294 983 565 165 434 1448 1812 563 493 294 1123 1547 1638 1644 924 241 679 941 315 1668
732 1066 771 429 577 1436 791 892 203 501 1089 496 1483 1653 1013 268 1452 824 1182 296 1117 304 1843 1106 299 766 1698 977 58 364 996 1141 1430 1767 1921 358 1554 712 1601 1756 1212 689 604 1046 693 1616 1665 497 439 846 792 1908 1501 634 1365 1799 1751 1063 1127 160 1426 122 1300 1207 240 1221 1564 1793 284 1165 1901 1495 205 504 892 1250 471 556 1746 909 1401 889 1168 901 1523 533 699 1273 1947 1825 1433 1724 298 1084 931 890 656 494 1034 939 10 934 785 215 1789 1676 1464 259 231 1561 1520 1983 449 1039 883 1971 1571 1933 1596 1869 109 1380 1593 759 815 523 1648 1471 1368 1033 761 1378 319 1546 1592 459 1221 1407 718 1804
967 589 1786 1415 1627 1021 1738 1550 953 1685 1418 1414 1416 1010 172 230 1884 171 52 1252 1203 1165 629 1873 710 220 332 282 1978 1401 85 944 1989 223 710 1967 1243 799 1516 195 835 1286 1960 250 295 131 832 531 301 1235 1782 1856 399 410 1728 1108 981 411 1742 958 1811 1826 253 151 400 962 118 1642 113 1985 189 947 1270 148 1197 1917 279 380 447 931 1614 228 1138 13 989 1218 1472 1969 1628 1213 1278 1439 1391 1530 1941 1790 843 58 1432 955 395 1972 1902 1664 119 1450 1932 749 1829 378 32 1794 957 1169 1806 1945 386 1630 265 14 842 1542 1804 232 1423 1744 374 266 154 157 1220 548 128 1473 563 598 922 495 1347 1102
1224 1378 1248 181 898 1405 477 1284 1034 1094 1649 1876 987 1804 459 410 1899 1184 1027 52 1340 598 951 1819 71 1866 417 1344 712 115 798 1935 1844 45 467 741 1449 1296 24 835 741 24 1062 1727 1827 1520 488 1726 704 1514 129 395 112 1080 214 534 1297 982 1877 8 1096 1026 294 939 1070 1113 31 871 760 407 1705 1500 430 766 1226 257 637 66 334 1692 1579 462 439 42 1893 652 575 1189 1985 452 1548 1080 1477 194 370 899 1658 400 121 417 1158 177 1916 1588 942 1493 196 1930 1558 529 1974 1489 990 412 1530 1235 1063 105 423 1399 908 323 478 736 868 1199 1986 525 1950 106 941 1108 282 1208 1047 1575 1052 1242 1857 962
122 1830 450 1463 241 331 697 1655 435 1472 1053 1694 1794 1882 782 1013 1432 767 1537 1733 1225 829 840 1858 36 238 1785 1439 1831 1641 400 1952 1822 1201 1415 62 1532 463 68 318 1934 1120 12 79 1353 1145 1091 784 263 627 516 1487 1455 1708 1697 1842 297 1481 1281 128 1473 32 79 1294 1233 1845 1707 764 308 1774 1081 593 893 1444 672 597 940 114 1732 1203 741 247 1041 547 306 737 741 603 569 373 1082 41 404 1160 1334 1988 1357 1040 1103 16 1165 536 608 409 331 1631 1005 1271 1745 736 473 837 1335 1513 1383 1992 602 475 594 1170 847 27 1211 1603 1187 896 1942 895 288 1045 910 1452 1580 1869 1861 1910 1500 1217 1532 1244
1953 4 80 1639 1869 1814 1630 470 289 576 1639 1487 602 849 1441 140 1745 1383 1386 384 427 295 1835 358 516 47 619 15 1264 151 1258 1568 154 1689 1206 22 1502 1187 843 142 1762 482 1629 716 1682 1069 855 1778 451 241 161 1229 887 348 1586 1402 394 205 1768 9 355 1377 1576 860 1065 1133 1234 567 320 76 708 433 557 688 1500 591 1757 355 368 559 947 529 140 185 876 1725 1939 1269 281 1706 1278 987 1083 1205 1847 147 338 1432 1065 1009 1507 125 1793 416 812 1293 1358 920 1999 1725 1831 1297 253 1970 1481 1128 46 1419 749 327 1477 378 1313 559 1582 1511 1057 271 1294 122 1631 1153 598 1776 1920 1409 1068 1277 681 1418
1001 863 714 1254 832 546 733 877 1965 1481 1555 1441 210 868 351 1792 730 1407 414 24 1880 397 1176 477 172 1095 238 1591 371 918 1008 1371 132 73 976 963 618 1709 191 934 1541 1746 726 1751 965 1076 1894 1694 835 659 69 714 1055 1596 1191 1226 690 1428 1168 1412 697 175 1135 828 599 110 142 1569 170 332 502 63 429 1580 1813 1393 655 58 1439 1841 716 1859 555 1771 1455 97 1348 496 1876 516 1908 572 1042 1394 1751 1641 1855 244 1209 25 927 62 439 1356 1641 251 1100 648 308 538 488 1375 397 1394 1145 203 1490 845 698 1365 1360 957 288 401 350 390 393 205 985 1953 581 1912 15 1019 1619 7 1621 718 1006 280
1608 1846 1654 4 1239 1151 206 1081 1995 1255 797 1706 212 1437 458 561 1826 851 1117 1163 1155 1697 1074 1521 1067 692 1528 687 1761 885 1318 1368 730 972 1723 1969 474 1928 1401 468 1535 197 173 1746 1985 630 306 163 1832 1775 1325 987 1471 398 507 890 1441 386 1576 1201 1271 1246 921 2000 217 643 320 690 923 72 1509 457 621 33 202 605 1014 859 767 1198 633 91 184 456 840 1042 1345 632 1780 1272 185 1050 517 1105 1401 1085 1747 73 126 669 496 1986 1125 1116 18 1678 1721 1384 537 839 581 1521 930 764 1976 121 157 1672 753 1936 944 937 1337 1812 41 1090 897 1787 1514 1374 808 9 1360 1932 1125 1377 1610 1197 760 498
35 1340 18 1316 455 346 1437 964 17 541 899 1312 1477 588 1124 1869 1677 372 7 1190 1745 814 1550 1104 746 1026 833 707 222 1592 1204 609 1284 1221 1924 90 1566 1712 1053 1935 252 1952 1246 80 891 369 300 567 740 307 108 485 1120 1657 1940 217 683 772 923 1256 364 478 1864 1999 51 140 88 1968 203 1141 1902 807 1444 1148 886 334 1516 1538 1252 608 1844 1711 1092 1315 1719 1031 1884 753 1803 1158 9 518 1636 224 868 38 715 955 5 918 447 1907 1724 242 1054 961 927 921 498 178 1528 693 240 971 360 1959 354 243 711 508 1400 1071 1377 1387 1647 244 1424 361 1550 1429 1278 349 1687 1353 590 1092 666 1517 12 1163
46 1540 208 286 862 567 244 1215 1161 1306 74 912 729 1450 299 375 1693 74 735 1595 1854 365 1943 1540 1717 532 631 382 400 995 1897 446 886 456 1083 1747 1022 1678 1314 182 983 1387 1093 63 1189 1743 437 881 169 1172 827 22 1888 769 1914 1604 1653 896 338 52 1890 586 849 775 1041 1931 522 414 1608 187 947 943 1573 391 1005 1113 134 1794 346 302 1317 1172 675 1204 1941 588 1159 1945 1484 1848 1996 1373 433 1197 148 1825 1127 1021 238 1087 1559 1184 381 1483 1927 1737 596 60 1530 941 713 846 112 1387 49 404 1975 1208 348 1810 1055 344 1182 1840 1540 1681 1664 1018 1053 254 456 611 1789 836 94 1715 573 689 126 454
1629 838 1300 1740 577 1700 144 903 1259 843 712 666 1186 245 505 1077 1926 520 447 1330 1125 902 1941 914 90 386 980 1014 1074 1106 1467 702 295 1118 793 871 818 1288 1773 428 131 836 1093 1668 1081 1949 1097 1358 469 1895 687 1593 796 979 858 1237 1364 190 250 789 1295 69 1842 1941 1186 635 1164 355 274 1288 783 756 124 1875 424 1556 176 1872 913 644 1766 1951 588 913 930 1446 150 645 1635 399 1434 1281 467 1275 1573 5 261 736 359 535 24 1493 1290 147 1720 65 54 1895 1936 966 890 1701 1268 1477 614 549 1274 1115 1194 1260 1865 979 892 684 253 465 688 514 1200 1398 1400 1223 1243 1041 1721 962 1106 1774 1208 1393
1091 97 1094 359 1573 59 907 1199 1173 452 458 1037 1430 1350 72 1683 1814 759 548 1365 509 299 940 1751 1339 1012 1064 796 786 271 189 228 367 1282 586 291 1692 1845 1841 1216 296 299 604 1726 2000 676 1760 165 1786 307 1529 294 605 820 44 295 1832 1107 1091 617 1729 1279 1196 95 912 134 738 603 1978 578 170 273 1228 773 350 1227 1800 109 1743 1586 415 1272 1879 1371 443 275 1666 274 1733 756 1242 1462 34 438 1908 945 571 997 1899 548 1927 420 1172 1154 1192 1522 733 992 1982 475 929 397 98 1159 119 541 1433 1784 814 1518 891 56 1331 1276 845 1590 572 1415 939 470 314 865 889 1837 18 433 1710 1102 1776 1692
1577 704 440 26 1862 558 918 1647 694 1732 1164 1584 139 846 1212 1335 435 1783 749 1373 253 1414 589 1493 1250 959 277 960 60 52 651 1988 1107 1090 14 969 1999 931 967 1044 1014 482 628 1504 1327 1839 838 113 1973 1938 1838 577 1351 426 70 601 1736 698 1912 1796 1102 562 1783 208 3 148 1528 353 1431 494 1397 444 1327 376 1948 1005 566 785 1118 538 723 1307 1115 425 84 1536 1377 1820 233 1288 1967 1334 201 1749 1894 203 249 1421 908 1679 267 304 122 1945 1031 421 950 1596 1558 419 133 632 1725 1599 1056 160 1134 433 331 1719 72 297 1052 273 398 1297 827 646 1070 1734 676 1688 37 1149 1632 1067 1570 581 1014 1479
1351 1499 110 1427 1097 1517 1587 231 301 1917 1949 373 566 1352 645 1315 649 1471 1960 1718 1205 987 1757 1593 135 1388 1012 1704 321 25 1534 1671 1875 1643 1098 972 1512 1036 1202 1812 952 1502 536 1869 853 1180 1183 1853 1003 1494 1922 559 480 1678 151 615 1066 1514 670 1386 1891 204 1408 1765 198 505 736 1709 1540 289 1873 844 1790 408 1064 643 1940 247 847 942 1740 769 1500 572 446 2 1538 1863 1516 207 1600 1758 762 1008 1522 1312 1512 610 1020 1404 898 1244 247 688 1652 1310 1682 1943 1908 880 884 2000 1648 735 571 446 1088 460 308 603 666 1908 712 1780 915 234 1091 778 1195 462 181 92 1706 779 1131 1709 441 1164 3 348
44 78 47 11 112 9 68 79 128 136 14 26 23 85 37 49 90 27 26 64 120 67 128 37 97 10 45 97 74 47 105 117 124 23 139 107 44 67 58 43 62 71 68 96 27 116 4 129 14 41 64 134 119 63 30 76 73 87 32 6 5 8 134 1 43 132 107 86 70 24 140 131 106 80 98 5 55 113 5 69 14 68 74 4 131 115 79 75 61 123 80 66 2 73 78 56 76 44 13 6 80 13 8 57 92 106 73 6 90 77 86 115 17 19 119 19 6 69 93 66 63 32 3 77 116 80 132 51 136 5 68 87 17 76 15 108 53 88 125 2 36 83 129 52 101 107 70 118 47 34 44 122 77 58 58 52 10 49 115 17 65 42 103 81 117 129 60 41 76 57 43 112 139 43 35 99 9 117 89 67 10 132 48 99 61 105 10 82 26 136 98 90 38 72 43 26 61 102 79 8 18 121 131 16 35 26 127 43 14 87 121 35 78 29 133 10 5 3 92 42 10 61 4 59 5 46 85 65 19 23 84 49 15 75 76 49 112 74 103 125 20 95 19 109 135 12 131 12 26 94 53 35 14 56 94 30 113 50 106 4 84 50 52 110 136 139 18 107 85 132 91 104 86 121 85 93 132 75 104 29 28 16 64 53 84 29 83 68 78 60 71 33 109 134 2 104 133 31 82 77 22 32 52 119 25 136 71 28 82 46 57 109 62 132 34 17 20 128 84 109 47 27 1 16 20 2 131 24 32 73 112 65 116 24 55 140 31 138 28 113 43 96 93 116 87 126 4 118 113 100 86 20 126 86 47 17 99 37 53 2 121 24 66 97 59 132 96 90 129 135 74 44 90 26 31 48 24 35 25 136 134 110 27 131 67 73 19 37 122 71 38 102 95 115 70 25 107 38 114 107 32 59 10 134 85 53 53 120 87 78 115 92 59 14 94 138 98 112 34 79 43 72 53 9 58 122 33 24 19 19 131 63 77 12 68 33 76 120 24 34 69 139 137 140 24 90 9 121 74 42 72 128 125 124 136 43 117 40 78 8 58 80 82 7 92 9 51 39 140 75 73 81 85 69 80 108 19 88 100 104 1 31 91 138 26 86 40 15 137 129 34 67 69 115 85 20 123 135 70 134 81 2 74 37 71 25 16 101 124 116 64 125 18 14 122 56 111 33 82 107 21 115 33 89 89 117 120 83 124 50 76 76 51 22 113 133 46 128 93 42 115 16 26 5 41 19 60 11 51 13 130 83 127 22 44 87 11 23 29 6 84 116 81 7 137 53 139 55 53 92 96 39 119 133 43 20 11 114 30 73 126 19 27 112 53 70 58 75 105 98 80 48 74 32 54 82 85 65 136 9 28 103 47 6 95 90 25 105 75 67 49 61 97 76 44 21 5 102 95 121 71 46 29 4 78 94 98 34 18 93 42 57 68 100 63 22 61 99 139 136 25 59 56 134 134 99 14 11 72 109 131 3 14 31 18 103 125 115 136 14 80 37 71 7 9 5 40 69 103 38 64 128 97 119 133 102 90 6 112 33 126 115 47 140 5 65 114 1 51 110 15 2 18 97 20 26 101 60 95 63 109 30 62 77 21 54 39 110 60 22 2 57 8 49 68 13 125 42 13 47 11 39 49 28 135 68 54 107 139 20 30 108 61 103 56 81 17 106 62 88 128 76 4 7 136 72 19 120 113 44 38 135 94 86 22 101 26 87 67 24 118 96 3 39 59 59 119 87 36 41 46 23 116 61 42 111 132 72 102 116 115 139 122 81 97 4 41 134 102 107 17 80 75 32 130 5 102 108 91 137 20 136 32 7 68 73 117 60 4 90 47 131 101 29 71 57 44 123 50 5 89 78 96 35 121 85 39 82 65 129 91 84 136 134 91 64 66 79 135 81 41 53 83 1 93 25 69 136 7 118 13 108 67 120 2 48 65 41 1 129 41 103 84 49 96 46 124 33 137 130 114 37 54 68 37 7 93 105 14 111 94 26 90 20 18 92 79 82 4 92 82 56 54 37 116 10 83 99 42 79 100 27 127 14 107 23 20 71 139 45 53 104 83 3 135 100 106 74 53 109 37 134 36 90 42 12 111 136 122 25 86 82 63 72 95 29 106 126 99 104 30 24 79 112 26 74 71 131 19 123 111 55 128 18 4 42 29 127 37 11 11 123 104 73 54 58 114 32 55 84 135 84 107 86 68 4 19 10 134 37 5 116 91 132 134 106 45 34 92 82 44 114 64 7 59 129 76 32 20 130 127 27 86 94 112 25 97 2 34 103 38 38 78 140 42 83 105 86 117 69 27 32 42 102 51 112 103 126 3 122 128 130 20 73 95 3 97 63 4 2 25 53 40 115 52 81 69 29 38 45 109 65 77 22 38 127 134 140 124 8 134 111 137 25 55 103 28 23 26 43 25 62 96 76 48 19 28 117 59 65 33 27 1 109 61 39 107 54 50 91 61 43 73 70 68 140 32 107 22 69 9 58 3 116 5 62 7 32 38 65 109 71 104 109 51 24 19 30 77 69 132 9 123 64 78 62 63 122 28 97 62 49 14 64 36 19 138 42 62 35 107 30 117 82 139 40 105 29 69 41 97 72 49 92 135 139 13 70 120 53 26 53 113 51 129 8 81 126 50 3 32 28 44 21 109 42 60 73 83 140 125 51 71 45 2 77 55 15 6 34 79 43 87 51 106 75 58 46 60 119 60 103 18 104 123 126 17 42 70 99 53 66 10 135 111 11 72 25 37 89 71 127 132 29 37 97 115 107 14 46 97 74 8 115 37 131 100 65 44 42 24 97 107 45 103 89 55 34 126 104 135 68 90 126 108 139 94 82 117 119 127 73 52 134 47 100 136 19 25 52 72 60 8 38 104 122 139 30 16 136 5 10 63 95 7 30 105 112 123 81 90 109 13 14 114 72 125 122 90 21 33 33 80 52 70 55 33 80 85 60 87 89 69 21 55 87 50 31 70 44 111 20 24 136 45 138 79 29 131 40 62 23 72 1 86 13 56 118 93 12 50 39 100 118 60 15 77 121 57 6 25 28 37 60 35 81 57 113 122 59 12 43 93 95 55 38 107 110 28 59 121 77 110 93 66 29
